0 -0.245972
1 1.17822
2 -1.01733
3 -0.095459
4 0.682007
5 0.320312
6 1.06104
7 -0.47998
8 0.99585
9 -0.532349
10 0.901978
11 -0.298706
12 1.14575
13 -0.92749
14 0.139404
15 0.69458
16 0.366333
17 1.02063
18 -0.348389
19 1.13623
20 -0.911987
21 0.176392
22 0.682861
23 0.400146
24 0.980713
25 -0.22644
26 1.22241
27 -1.15979
28 -0.516479
29 0.278564
30 0.73645
31 0.324219
32 1.07385
33 -0.517212
34 0.947632
35 -0.412354
36 1.04626
37 -0.65625
38 0.710938
39 0.095459
40 1.20056
41 -0.989258
42 -0.0100098
43 0.703003
44 0.305176
45 1.08044
46 -0.542603
47 0.911865
48 -0.326904
49 1.12402
50 -0.866821
51 0.285278
52 0.625977
53 0.537109
54 0.783936
55 0.300903
56 1.1084
57 -0.629639
58 0.777466
59 -0.0350342
60 1.23157
61 -1.13391
62 -0.430542
63 0.400146
64 0.646606
65 0.53479
66 0.793701
67 0.278564
68 1.12952
69 -0.702515
70 0.647949
71 0.201538
72 1.13757
73 -0.751099
74 0.551514
75 0.348755
76 0.995239
77 -0.281982
78 1.18726
79 -1.05798
80 -0.210938
81 0.620239
82 0.398193
83 0.964111
84 -0.181885
85 1.24292
86 -1.21741
87 -0.702026
88 -0.0552979
89 0.785034
90 0.120728
91 1.21509
92 -1.03076
93 -0.122925
94 0.669556
95 0.335449
96 1.04333
97 -0.42334
98 1.06213
99 -0.706299
100 0.620239
101 0.249512
102 1.099
103 -0.615967
104 0.798584
105 -0.0776367
106 1.23108
107 -1.14502
108 -0.466309
109 0.351929
110 0.686646
111 0.445557
112 0.928101
113 -0.0721436
114 1.27124
115 -1.28406
116 -0.927002
117 -0.588379
118 0.237183
119 0.744629
120 0.2948
121 1.10181
122 -0.611084
123 0.807739
124 -0.0968018
125 1.22925
126 -1.14441
127 -0.464844
128 0.354126
129 0.684937
130 0.449463
131 0.922729
132 -0.0571289
133 1.27234
134 -1.28345
135 -0.924438
136 -0.581543
137 0.249146
138 0.738647
139 0.310913
140 1.0863
141 -0.558716
142 0.888916
143 -0.273804
144 1.16162
145 -0.971313
146 0.02771
147 0.70752
148 0.307617
149 1.07983
150 -0.540039
151 0.915649
152 -0.335815
153 1.11682
154 -0.846924
155 0.330811
156 0.592651
157 0.607544
158 0.661133
159 0.570435
160 0.74292
161 0.39856
162 1.00061
163 -0.282227
164 1.18872
165 -1.06287
166 -0.225098
167 0.610107
168 0.411377
169 0.946167
170 -0.129761
171 1.26025
172 -1.26233
173 -0.852905
174 -0.397217
175 0.523193
176 0.497559
177 0.810425
178 0.229736
179 1.16931
180 -0.845215
181 0.350708
182 0.574219
183 0.643677
184 0.592285
185 0.702148
186 0.487549
187 0.87793
188 0.0673828
189 1.25696
190 -1.19177
191 -0.61145
192 0.118896
193 0.796753
194 0.147095
195 1.20874
196 -1.00134
197 -0.0411377
198 0.697144
199 0.307251
200 1.07703
201 -0.531738
202 0.927246
203 -0.363281
204 1.09351
205 -0.782959
206 0.469849
207 0.456055
208 0.849731
209 0.125977
210 1.23279
211 -1.08984
212 -0.293091
213 0.552734
214 0.484375
215 0.837402
216 0.163574
217 1.21387
218 -1.01367
219 -0.0743408
220 0.68811
221 0.314941
222 1.06763
223 -0.501221
224 0.968628
225 -0.463989
226 0.989136
227 -0.508911
228 0.934204
229 -0.374512
230 1.08398
231 -0.757446
232 0.521973
233 0.391357
234 0.942261
235 -0.12561
236 1.26062
237 -1.26257
238 -0.853638
239 -0.399048
240 0.520874
241 0.500488
242 0.805664
243 0.241455
244 1.16016
245 -0.811768
246 0.425415
247 0.503052
248 0.773315
249 0.313721
250 1.09424
251 -0.582031
252 0.854004
253 -0.195679
254 1.20264
255 -1.0835
256 -0.282715
257 0.562988
258 0.471558
259 0.857544
260 0.112061
261 1.23975
262 -1.11804
263 -0.378052
264 0.464355
265 0.584717
266 0.660645
267 0.564453
268 0.752197
269 0.377319
270 1.02637
271 -0.361572
272 1.12488
273 -0.880005
274 0.253296
275 0.646118
276 0.491577
277 0.855591
278 0.122681
279 1.23572
280 -1.10095
281 -0.326172
282 0.52063
283 0.522705
284 0.773682
285 0.318848
286 1.08984
287 -0.567139
288 0.876587
0 -0.245972
1 1.17822
2 -1.01733
3 -0.095459
4 0.682007
5 0.320312
6 1.06104
7 -0.47998
8 0.99585
9 -0.532349
10 0.901978
11 -0.298706
12 1.14575
13 -0.92749
14 0.139404
15 0.69458
16 0.366333
17 1.02063
18 -0.348389
19 1.13623
20 -0.911987
21 0.176392
22 0.682861
23 0.400146
24 0.980713
25 -0.22644
26 1.22241
27 -1.15979
28 -0.516479
29 0.278564
30 0.73645
31 0.324219
32 1.07385
33 -0.517212
34 0.947632
35 -0.412354
36 1.04626
37 -0.65625
38 0.710938
39 0.095459
40 1.20056
41 -0.989258
42 -0.0100098
43 0.703003
44 0.305176
45 1.08044
46 -0.542603
47 0.911865
48 -0.326904
49 1.12402
50 -0.866821
51 0.285278
52 0.625977
53 0.537109
54 0.783936
55 0.300903
56 1.1084
57 -0.629639
58 0.777466
59 -0.0350342
60 1.23157
61 -1.13391
62 -0.430542
63 0.400146
64 0.646606
65 0.53479
66 0.793701
67 0.278564
68 1.12952
69 -0.702515
70 0.647949
71 0.201538
72 1.13757
73 -0.751099
74 0.551514
75 0.348755
76 0.995239
77 -0.281982
78 1.18726
79 -1.05798
80 -0.210938
81 0.620239
82 0.398193
83 0.964111
84 -0.181885
85 1.24292
86 -1.21741
87 -0.702026
88 -0.0552979
89 0.785034
90 0.120728
91 1.21509
92 -1.03076
93 -0.122925
94 0.669556
95 0.335449
96 1.04333
97 -0.42334
98 1.06213
99 -0.706299
100 0.620239
101 0.249512
102 1.099
103 -0.615967
104 0.798584
105 -0.0776367
106 1.23108
107 -1.14502
108 -0.466309
109 0.351929
110 0.686646
111 0.445557
112 0.928101
113 -0.0721436
114 1.27124
115 -1.28406
116 -0.927002
117 -0.588379
118 0.237183
119 0.744629
120 0.2948
121 1.10181
122 -0.611084
123 0.807739
124 -0.0968018
125 1.22925
126 -1.14441
127 -0.464844
128 0.354126
129 0.684937
130 0.449463
131 0.922729
132 -0.0571289
133 1.27234
134 -1.28345
135 -0.924438
136 -0.581543
137 0.249146
138 0.738647
139 0.310913
140 1.0863
141 -0.558716
142 0.888916
143 -0.273804
144 1.16162
145 -0.971313
146 0.02771
147 0.70752
148 0.307617
149 1.07983
150 -0.540039
151 0.915649
152 -0.335815
153 1.11682
154 -0.846924
155 0.330811
156 0.592651
157 0.607544
158 0.661133
159 0.570435
160 0.74292
161 0.39856
162 1.00061
163 -0.282227
164 1.18872
165 -1.06287
166 -0.225098
167 0.610107
168 0.411377
169 0.946167
170 -0.129761
171 1.26025
172 -1.26233
173 -0.852905
174 -0.397217
175 0.523193
176 0.497559
177 0.810425
178 0.229736
179 1.16931
180 -0.845215
181 0.350708
182 0.574219
183 0.643677
184 0.592285
185 0.702148
186 0.487549
187 0.87793
188 0.0673828
189 1.25696
190 -1.19177
191 -0.61145
192 0.118896
193 0.796753
194 0.147095
195 1.20874
196 -1.00134
197 -0.0411377
198 0.697144
199 0.307251
200 1.07703
201 -0.531738
202 0.927246
203 -0.363281
204 1.09351
205 -0.782959
206 0.469849
207 0.456055
208 0.849731
209 0.125977
210 1.23279
211 -1.08984
212 -0.293091
213 0.552734
214 0.484375
215 0.837402
216 0.163574
217 1.21387
218 -1.01367
219 -0.0743408
220 0.68811
221 0.314941
222 1.06763
223 -0.501221
224 0.968628
225 -0.463989
226 0.989136
227 -0.508911
228 0.934204
229 -0.374512
230 1.08398
231 -0.757446
232 0.521973
233 0.391357
234 0.942261
235 -0.12561
236 1.26062
237 -1.26257
238 -0.853638
239 -0.399048
240 0.520874
241 0.500488
242 0.805664
243 0.241455
244 1.16016
245 -0.811768
246 0.425415
247 0.503052
248 0.773315
249 0.313721
250 1.09424
251 -0.582031
252 0.854004
253 -0.195679
254 1.20264
255 -1.0835
256 -0.282715
257 0.562988
258 0.471558
259 0.857544
260 0.112061
261 1.23975
262 -1.11804
263 -0.378052
264 0.464355
265 0.584717
266 0.660645
267 0.564453
268 0.752197
269 0.377319
270 1.02637
271 -0.361572
272 1.12488
273 -0.880005
274 0.253296
275 0.646118
276 0.491577
277 0.855591
278 0.122681
279 1.23572
280 -1.10095
281 -0.326172
282 0.52063
283 0.522705
284 0.773682
285 0.318848
286 1.08984
287 -0.567139
288 0.876587
0 -0.245972
1 1.17822
2 -1.01733
3 -0.095459
4 0.682007
5 0.320312
6 1.06104
7 -0.47998
8 0.99585
9 -0.532349
10 0.901978
11 -0.298706
12 1.14575
13 -0.92749
14 0.139404
15 0.69458
16 0.366333
17 1.02063
18 -0.348389
19 1.13623
20 -0.911987
21 0.176392
22 0.682861
23 0.400146
24 0.980713
25 -0.22644
26 1.22241
27 -1.15979
28 -0.516479
29 0.278564
30 0.73645
31 0.324219
32 1.07385
33 -0.517212
34 0.947632
35 -0.412354
36 1.04626
37 -0.65625
38 0.710938
39 0.095459
40 1.20056
41 -0.989258
42 -0.0100098
43 0.703003
44 0.305176
45 1.08044
46 -0.542603
47 0.911865
48 -0.326904
49 1.12402
50 -0.866821
51 0.285278
52 0.625977
53 0.537109
54 0.783936
55 0.300903
56 1.1084
57 -0.629639
58 0.777466
59 -0.0350342
60 1.23157
61 -1.13391
62 -0.430542
63 0.400146
64 0.646606
65 0.53479
66 0.793701
67 0.278564
68 1.12952
69 -0.702515
70 0.647949
71 0.201538
72 1.13757
73 -0.751099
74 0.551514
75 0.348755
76 0.995239
77 -0.281982
78 1.18726
79 -1.05798
80 -0.210938
81 0.620239
82 0.398193
83 0.964111
84 -0.181885
85 1.24292
86 -1.21741
87 -0.702026
88 -0.0552979
89 0.785034
90 0.120728
91 1.21509
92 -1.03076
93 -0.122925
94 0.669556
95 0.335449
96 1.04333
97 -0.42334
98 1.06213
99 -0.706299
100 0.620239
101 0.249512
102 1.099
103 -0.615967
104 0.798584
105 -0.0776367
106 1.23108
107 -1.14502
108 -0.466309
109 0.351929
110 0.686646
111 0.445557
112 0.928101
113 -0.0721436
114 1.27124
115 -1.28406
116 -0.927002
117 -0.588379
118 0.237183
119 0.744629
120 0.2948
121 1.10181
122 -0.611084
123 0.807739
124 -0.0968018
125 1.22925
126 -1.14441
127 -0.464844
128 0.354126
129 0.684937
130 0.449463
131 0.922729
132 -0.0571289
133 1.27234
134 -1.28345
135 -0.924438
136 -0.581543
137 0.249146
138 0.738647
139 0.310913
140 1.0863
141 -0.558716
142 0.888916
143 -0.273804
144 1.16162
145 -0.971313
146 0.02771
147 0.70752
148 0.307617
149 1.07983
150 -0.540039
151 0.915649
152 -0.335815
153 1.11682
154 -0.846924
155 0.330811
156 0.592651
157 0.607544
158 0.661133
159 0.570435
160 0.74292
161 0.39856
162 1.00061
163 -0.282227
164 1.18872
165 -1.06287
166 -0.225098
167 0.610107
168 0.411377
169 0.946167
170 -0.129761
171 1.26025
172 -1.26233
173 -0.852905
174 -0.397217
175 0.523193
176 0.497559
177 0.810425
178 0.229736
179 1.16931
180 -0.845215
181 0.350708
182 0.574219
183 0.643677
184 0.592285
185 0.702148
186 0.487549
187 0.87793
188 0.0673828
189 1.25696
190 -1.19177
191 -0.61145
192 0.118896
193 0.796753
194 0.147095
195 1.20874
196 -1.00134
197 -0.0411377
198 0.697144
199 0.307251
200 1.07703
201 -0.531738
202 0.927246
203 -0.363281
204 1.09351
205 -0.782959
206 0.469849
207 0.456055
208 0.849731
209 0.125977
210 1.23279
211 -1.08984
212 -0.293091
213 0.552734
214 0.484375
215 0.837402
216 0.163574
217 1.21387
218 -1.01367
219 -0.0743408
220 0.68811
221 0.314941
222 1.06763
223 -0.501221
224 0.968628
225 -0.463989
226 0.989136
227 -0.508911
228 0.934204
229 -0.374512
230 1.08398
231 -0.757446
232 0.521973
233 0.391357
234 0.942261
235 -0.12561
236 1.26062
237 -1.26257
238 -0.853638
239 -0.399048
240 0.520874
241 0.500488
242 0.805664
243 0.241455
244 1.16016
245 -0.811768
246 0.425415
247 0.503052
248 0.773315
249 0.313721
250 1.09424
251 -0.582031
252 0.854004
253 -0.195679
254 1.20264
255 -1.0835
256 -0.282715
257 0.562988
258 0.471558
259 0.857544
260 0.112061
261 1.23975
262 -1.11804
263 -0.378052
264 0.464355
265 0.584717
266 0.660645
267 0.564453
268 0.752197
269 0.377319
270 1.02637
271 -0.361572
272 1.12488
273 -0.880005
274 0.253296
275 0.646118
276 0.491577
277 0.855591
278 0.122681
279 1.23572
280 -1.10095
281 -0.326172
282 0.52063
283 0.522705
284 0.773682
285 0.318848
286 1.08984
287 -0.567139
288 0.876587
0 -0.245972
1 1.17822
2 -1.01733
3 -0.095459
4 0.682007
5 0.320312
6 1.06104
7 -0.47998
8 0.99585
9 -0.532349
10 0.901978
11 -0.298706
12 1.14575
13 -0.92749
14 0.139404
15 0.69458
16 0.366333
17 1.02063
18 -0.348389
19 1.13623
20 -0.911987
21 0.176392
22 0.682861
23 0.400146
24 0.980713
25 -0.22644
26 1.22241
27 -1.15979
28 -0.516479
29 0.278564
30 0.73645
31 0.324219
32 1.07385
33 -0.517212
34 0.947632
35 -0.412354
36 1.04626
37 -0.65625
38 0.710938
39 0.095459
40 1.20056
41 -0.989258
42 -0.0100098
43 0.703003
44 0.305176
45 1.08044
46 -0.542603
47 0.911865
48 -0.326904
49 1.12402
50 -0.866821
51 0.285278
52 0.625977
53 0.537109
54 0.783936
55 0.300903
56 1.1084
57 -0.629639
58 0.777466
59 -0.0350342
60 1.23157
61 -1.13391
62 -0.430542
63 0.400146
64 0.646606
65 0.53479
66 0.793701
67 0.278564
68 1.12952
69 -0.702515
70 0.647949
71 0.201538
72 1.13757
73 -0.751099
74 0.551514
75 0.348755
76 0.995239
77 -0.281982
78 1.18726
79 -1.05798
80 -0.210938
81 0.620239
82 0.398193
83 0.964111
84 -0.181885
85 1.24292
86 -1.21741
87 -0.702026
88 -0.0552979
89 0.785034
90 0.120728
91 1.21509
92 -1.03076
93 -0.122925
94 0.669556
95 0.335449
96 1.04333
97 -0.42334
98 1.06213
99 -0.706299
100 0.620239
101 0.249512
102 1.099
103 -0.615967
104 0.798584
105 -0.0776367
106 1.23108
107 -1.14502
108 -0.466309
109 0.351929
110 0.686646
111 0.445557
112 0.928101
113 -0.0721436
114 1.27124
115 -1.28406
116 -0.927002
117 -0.588379
118 0.237183
119 0.744629
120 0.2948
121 1.10181
122 -0.611084
123 0.807739
124 -0.0968018
125 1.22925
126 -1.14441
127 -0.464844
128 0.354126
129 0.684937
130 0.449463
131 0.922729
132 -0.0571289
