0 -0.245972
1 1.17822
2 -1.01733
3 -0.095459
4 0.682007
5 0.320312
6 1.06104
7 -0.47998
8 0.99585
9 -0.532349
10 0.901978
11 -0.298706
12 1.14575
13 -0.92749
14 0.139404
15 0.69458
16 0.366333
17 1.02063
18 -0.348389
19 1.13623
20 -0.911987
21 0.176392
22 0.682861
23 0.400146
24 0.980713
25 -0.22644
26 1.22241
27 -1.15979
28 -0.516479
29 0.278564
30 0.73645
31 0.324219
32 1.07385
33 -0.517212
34 0.947632
35 -0.412354
36 1.04626
37 -0.65625
38 0.710938
39 0.095459
40 1.20056
41 -0.989258
42 -0.0100098
43 0.703003
44 0.305176
45 1.08044
46 -0.542603
47 0.911865
48 -0.326904
49 1.12402
50 -0.866821
51 0.285278
52 0.625977
53 0.537109
54 0.783936
55 0.300903
56 1.1084
57 -0.629639
58 0.777466
59 -0.0350342
60 1.23157
61 -1.13391
62 -0.430542
63 0.400146
64 0.646606
65 0.53479
66 0.793701
67 0.278564
68 1.12952
69 -0.702515
70 0.647949
71 0.201538
72 1.13757
73 -0.751099
74 0.551514
75 0.348755
76 0.995239
77 -0.281982
78 1.18726
79 -1.05798
80 -0.210938
81 0.620239
82 0.398193
83 0.964111
84 -0.181885
85 1.24292
86 -1.21741
87 -0.702026
88 -0.0552979
89 0.785034
90 0.120728
91 1.21509
92 -1.03076
93 -0.122925
94 0.669556
95 0.335449
96 1.04333
97 -0.42334
98 1.06213
99 -0.706299
100 0.620239
101 0.249512
102 1.099
103 -0.615967
104 0.798584
105 -0.0776367
106 1.23108
107 -1.14502
108 -0.466309
109 0.351929
110 0.686646
111 0.445557
112 0.928101
113 -0.0721436
114 1.27124
115 -1.28406
116 -0.927002
117 -0.588379
118 0.237183
119 0.744629
120 0.2948
121 1.10181
122 -0.611084
123 0.807739
124 -0.0968018
125 1.22925
126 -1.14441
127 -0.464844
128 0.354126
129 0.684937
130 0.449463
131 0.922729
132 -0.0571289
133 1.27234
134 -1.28345
135 -0.924438
136 -0.581543
137 0.249146
138 0.738647
139 0.310913
140 1.0863
141 -0.558716
142 0.888916
143 -0.273804
144 1.16162
145 -0.971313
146 0.02771
147 0.70752
148 0.307617
149 1.07983
150 -0.540039
151 0.915649
152 -0.335815
153 1.11682
154 -0.846924
155 0.330811
156 0.592651
157 0.607544
158 0.661133
159 0.570435
160 0.74292
161 0.39856
162 1.00061
163 -0.282227
164 1.18872
165 -1.06287
166 -0.225098
167 0.610107
168 0.411377
169 0.946167
170 -0.129761
171 1.26025
172 -1.26233
173 -0.852905
174 -0.397217
175 0.523193
176 0.497559
177 0.810425
178 0.229736
179 1.16931
180 -0.845215
181 0.350708
182 0.574219
183 0.643677
184 0.592285
185 0.702148
186 0.487549
187 0.87793
188 0.0673828
189 1.25696
190 -1.19177
191 -0.61145
192 0.118896
193 0.796753
194 0.147095
195 1.20874
196 -1.00134
197 -0.0411377
198 0.697144
199 0.307251
200 1.07703
201 -0.531738
202 0.927246
203 -0.363281
204 1.09351
205 -0.782959
206 0.469849
207 0.456055
208 0.849731
209 0.125977
210 1.23279
211 -1.08984
212 -0.293091
213 0.552734
214 0.484375
215 0.837402
216 0.163574
217 1.21387
218 -1.01367
219 -0.0743408
220 0.68811
221 0.314941
222 1.06763
223 -0.501221
224 0.968628
225 -0.463989
226 0.989136
227 -0.508911
228 0.934204
229 -0.374512
230 1.08398
231 -0.757446
232 0.521973
233 0.391357
234 0.942261
235 -0.12561
236 1.26062
237 -1.26257
238 -0.853638
239 -0.399048
240 0.520874
241 0.500488
242 0.805664
243 0.241455
244 1.16016
245 -0.811768
246 0.425415
247 0.503052
248 0.773315
249 0.313721
250 1.09424
251 -0.582031
252 0.854004
253 -0.195679
254 1.20264
255 -1.0835
256 -0.282715
257 0.562988
258 0.471558
259 0.857544
260 0.112061
261 1.23975
262 -1.11804
263 -0.378052
264 0.464355
265 0.584717
266 0.660645
267 0.564453
268 0.752197
269 0.377319
270 1.02637
271 -0.361572
272 1.12488
273 -0.880005
274 0.253296
275 0.646118
276 0.491577
277 0.855591
278 0.122681
279 1.23572
280 -1.10095
281 -0.326172
282 0.52063
283 0.522705
284 0.773682
285 0.318848
286 1.08984
287 -0.567139
288 0.876587
289 -0.245972
290 1.17822
291 -1.01733
292 -0.095459
293 0.682007
294 0.320312
295 1.06104
296 -0.47998
297 0.99585
298 -0.532349
299 0.901978
300 -0.298706
301 1.14575
302 -0.92749
303 0.139404
304 0.69458
305 0.366333
306 1.02063
307 -0.348389
308 1.13623
309 -0.911987
310 0.176392
311 0.682861
312 0.400146
313 0.980713
314 -0.22644
315 1.22241
316 -1.15979
317 -0.516479
318 0.278564
319 0.73645
320 0.324219
321 1.07385
322 -0.517212
323 0.947632
324 -0.412354
325 1.04626
326 -0.65625
327 0.710938
328 0.095459
329 1.20056
330 -0.989258
331 -0.0100098
332 0.703003
333 0.305176
334 1.08044
335 -0.542603
336 0.911865
337 -0.326904
338 1.12402
339 -0.866821
340 0.285278
341 0.625977
342 0.537109
343 0.783936
344 0.300903
345 1.1084
346 -0.629639
347 0.777466
348 -0.0350342
349 1.23157
350 -1.13391
351 -0.430542
352 0.400146
353 0.646606
354 0.53479
355 0.793701
356 0.278564
357 1.12952
358 -0.702515
359 0.647949
360 0.201538
361 1.13757
362 -0.751099
363 0.551514
364 0.348755
365 0.995239
366 -0.281982
367 1.18726
368 -1.05798
369 -0.210938
370 0.620239
371 0.398193
372 0.964111
373 -0.181885
374 1.24292
375 -1.21741
376 -0.702026
377 -0.0552979
378 0.785034
379 0.120728
380 1.21509
381 -1.03076
382 -0.122925
383 0.669556
384 0.335449
385 1.04333
386 -0.42334
387 1.06213
388 -0.706299
389 0.620239
390 0.249512
391 1.099
392 -0.615967
393 0.798584
394 -0.0776367
395 1.23108
396 -1.14502
397 -0.466309
398 0.351929
399 0.686646
400 0.445557
401 0.928101
402 -0.0721436
403 1.27124
404 -1.28406
405 -0.927002
406 -0.588379
407 0.237183
408 0.744629
409 0.2948
410 1.10181
411 -0.611084
412 0.807739
413 -0.0968018
414 1.22925
415 -1.14441
416 -0.464844
417 0.354126
418 0.684937
419 0.449463
420 0.922729
421 -0.0571289
422 1.27234
423 -1.28345
424 -0.924438
425 -0.581543
426 0.249146
427 0.738647
428 0.310913
429 1.0863
430 -0.558716
431 0.888916
432 -0.273804
433 1.16162
434 -0.971313
435 0.02771
436 0.70752
437 0.307617
438 1.07983
439 -0.540039
440 0.915649
441 -0.335815
442 1.11682
443 -0.846924
444 0.330811
445 0.592651
446 0.607544
447 0.661133
448 0.570435
449 0.74292
450 0.39856
451 1.00061
452 -0.282227
453 1.18872
454 -1.06287
455 -0.225098
456 0.610107
457 0.411377
458 0.946167
459 -0.129761
460 1.26025
461 -1.26233
462 -0.852905
463 -0.397217
464 0.523193
465 0.497559
466 0.810425
467 0.229736
468 1.16931
469 -0.845215
470 0.350708
471 0.574219
472 0.643677
473 0.592285
474 0.702148
475 0.487549
476 0.87793
477 0.0673828
478 1.25696
479 -1.19177
480 -0.61145
481 0.118896
482 0.796753
483 0.147095
484 1.20874
485 -1.00134
486 -0.0411377
487 0.697144
488 0.307251
489 1.07703
490 -0.531738
491 0.927246
492 -0.363281
493 1.09351
494 -0.782959
495 0.469849
496 0.456055
497 0.849731
498 0.125977
499 1.23279
500 -1.08984
501 -0.293091
502 0.552734
503 0.484375
504 0.837402
505 0.163574
506 1.21387
507 -1.01367
508 -0.0743408
509 0.68811
510 0.314941
511 1.06763
512 -0.501221
513 0.968628
514 -0.463989
515 0.989136
516 -0.508911
517 0.934204
518 -0.374512
519 1.08398
520 -0.757446
521 0.521973
522 0.391357
523 0.942261
524 -0.12561
525 1.26062
526 -1.26257
527 -0.853638
528 -0.399048
529 0.520874
530 0.500488
531 0.805664
532 0.241455
533 1.16016
534 -0.811768
535 0.425415
536 0.503052
537 0.773315
538 0.313721
539 1.09424
540 -0.582031
541 0.854004
542 -0.195679
543 1.20264
544 -1.0835
545 -0.282715
546 0.562988
547 0.471558
548 0.857544
549 0.112061
550 1.23975
551 -1.11804
552 -0.378052
553 0.464355
554 0.584717
555 0.660645
556 0.564453
557 0.752197
558 0.377319
559 1.02637
560 -0.361572
561 1.12488
562 -0.880005
563 0.253296
564 0.646118
565 0.491577
566 0.855591
567 0.122681
568 1.23572
569 -1.10095
570 -0.326172
571 0.52063
572 0.522705
573 0.773682
574 0.318848
575 1.08984
576 -0.567139
577 0.876587
578 -0.245972
579 1.17822
580 -1.01733
581 -0.095459
582 0.682007
583 0.320312
584 1.06104
585 -0.47998
586 0.99585
587 -0.532349
588 0.901978
589 -0.298706
590 1.14575
591 -0.92749
592 0.139404
593 0.69458
594 0.366333
595 1.02063
596 -0.348389
597 1.13623
598 -0.911987
599 0.176392
600 0.682861
601 0.400146
602 0.980713
603 -0.22644
604 1.22241
605 -1.15979
606 -0.516479
607 0.278564
608 0.73645
609 0.324219
610 1.07385
611 -0.517212
612 0.947632
613 -0.412354
614 1.04626
615 -0.65625
616 0.710938
617 0.095459
618 1.20056
619 -0.989258
620 -0.0100098
621 0.703003
622 0.305176
623 1.08044
624 -0.542603
625 0.911865
626 -0.326904
627 1.12402
628 -0.866821
629 0.285278
630 0.625977
631 0.537109
632 0.783936
633 0.300903
634 1.1084
635 -0.629639
636 0.777466
637 -0.0350342
638 1.23157
639 -1.13391
640 -0.430542
641 0.400146
642 0.646606
643 0.53479
644 0.793701
645 0.278564
646 1.12952
647 -0.702515
648 0.647949
649 0.201538
650 1.13757
651 -0.751099
652 0.551514
653 0.348755
654 0.995239
655 -0.281982
656 1.18726
657 -1.05798
658 -0.210938
659 0.620239
660 0.398193
661 0.964111
662 -0.181885
663 1.24292
664 -1.21741
665 -0.702026
666 -0.0552979
667 0.785034
668 0.120728
669 1.21509
670 -1.03076
671 -0.122925
672 0.669556
673 0.335449
674 1.04333
675 -0.42334
676 1.06213
677 -0.706299
678 0.620239
679 0.249512
680 1.099
681 -0.615967
682 0.798584
683 -0.0776367
684 1.23108
685 -1.14502
686 -0.466309
687 0.351929
688 0.686646
689 0.445557
690 0.928101
691 -0.0721436
692 1.27124
693 -1.28406
694 -0.927002
695 -0.588379
696 0.237183
697 0.744629
698 0.2948
699 1.10181
700 -0.611084
701 0.807739
702 -0.0968018
703 1.22925
704 -1.14441
705 -0.464844
706 0.354126
707 0.684937
708 0.449463
709 0.922729
710 -0.0571289
711 1.27234
712 -1.28345
713 -0.924438
714 -0.581543
715 0.249146
716 0.738647
717 0.310913
718 1.0863
719 -0.558716
720 0.888916
721 -0.273804
722 1.16162
723 -0.971313
724 0.02771
725 0.70752
726 0.307617
727 1.07983
728 -0.540039
729 0.915649
730 -0.335815
731 1.11682
732 -0.846924
733 0.330811
734 0.592651
735 0.607544
736 0.661133
737 0.570435
738 0.74292
739 0.39856
740 1.00061
741 -0.282227
742 1.18872
743 -1.06287
744 -0.225098
745 0.610107
746 0.411377
747 0.946167
748 -0.129761
749 1.26025
750 -1.26233
751 -0.852905
752 -0.397217
753 0.523193
754 0.497559
755 0.810425
756 0.229736
757 1.16931
758 -0.845215
759 0.350708
760 0.574219
761 0.643677
762 0.592285
763 0.702148
764 0.487549
765 0.87793
766 0.0673828
767 1.25696
768 -1.19177
769 -0.61145
770 0.118896
771 0.796753
772 0.147095
773 1.20874
774 -1.00134
775 -0.0411377
776 0.697144
777 0.307251
778 1.07703
779 -0.531738
780 0.927246
781 -0.363281
782 1.09351
783 -0.782959
784 0.469849
785 0.456055
786 0.849731
787 0.125977
788 1.23279
789 -1.08984
790 -0.293091
791 0.552734
792 0.484375
793 0.837402
794 0.163574
795 1.21387
796 -1.01367
797 -0.0743408
798 0.68811
799 0.314941
800 1.06763
801 -0.501221
802 0.968628
803 -0.463989
804 0.989136
805 -0.508911
806 0.934204
807 -0.374512
808 1.08398
809 -0.757446
810 0.521973
811 0.391357
812 0.942261
813 -0.12561
814 1.26062
815 -1.26257
816 -0.853638
817 -0.399048
818 0.520874
819 0.500488
820 0.805664
821 0.241455
822 1.16016
823 -0.811768
824 0.425415
825 0.503052
826 0.773315
827 0.313721
828 1.09424
829 -0.582031
830 0.854004
831 -0.195679
832 1.20264
833 -1.0835
834 -0.282715
835 0.562988
836 0.471558
837 0.857544
838 0.112061
839 1.23975
840 -1.11804
841 -0.378052
842 0.464355
843 0.584717
844 0.660645
845 0.564453
846 0.752197
847 0.377319
848 1.02637
849 -0.361572
850 1.12488
851 -0.880005
852 0.253296
853 0.646118
854 0.491577
855 0.855591
856 0.122681
857 1.23572
858 -1.10095
859 -0.326172
860 0.52063
861 0.522705
862 0.773682
863 0.318848
864 1.08984
865 -0.567139
866 0.876587
867 -0.245972
868 1.17822
869 -1.01733
870 -0.095459
871 0.682007
872 0.320312
873 1.06104
874 -0.47998
875 0.99585
876 -0.532349
877 0.901978
878 -0.298706
879 1.14575
880 -0.92749
881 0.139404
882 0.69458
883 0.366333
884 1.02063
885 -0.348389
886 1.13623
887 -0.911987
888 0.176392
889 0.682861
890 0.400146
891 0.980713
892 -0.22644
893 1.22241
894 -1.15979
895 -0.516479
896 0.278564
897 0.73645
898 0.324219
899 1.07385
900 -0.517212
901 0.947632
902 -0.412354
903 1.04626
904 -0.65625
905 0.710938
906 0.095459
907 1.20056
908 -0.989258
909 -0.0100098
910 0.703003
911 0.305176
912 1.08044
913 -0.542603
914 0.911865
915 -0.326904
916 1.12402
917 -0.866821
918 0.285278
919 0.625977
920 0.537109
921 0.783936
922 0.300903
923 1.1084
924 -0.629639
925 0.777466
926 -0.0350342
927 1.23157
928 -1.13391
929 -0.430542
930 0.400146
931 0.646606
932 0.53479
933 0.793701
934 0.278564
935 1.12952
936 -0.702515
937 0.647949
938 0.201538
939 1.13757
940 -0.751099
941 0.551514
942 0.348755
943 0.995239
944 -0.281982
945 1.18726
946 -1.05798
947 -0.210938
948 0.620239
949 0.398193
950 0.964111
951 -0.181885
952 1.24292
953 -1.21741
954 -0.702026
955 -0.0552979
956 0.785034
957 0.120728
958 1.21509
959 -1.03076
960 -0.122925
961 0.669556
962 0.335449
963 1.04333
964 -0.42334
965 1.06213
966 -0.706299
967 0.620239
968 0.249512
969 1.099
970 -0.615967
971 0.798584
972 -0.0776367
973 1.23108
974 -1.14502
975 -0.466309
976 0.351929
977 0.686646
978 0.445557
979 0.928101
980 -0.0721436
981 1.27124
982 -1.28406
983 -0.927002
984 -0.588379
985 0.237183
986 0.744629
987 0.2948
988 1.10181
989 -0.611084
990 0.807739
991 -0.0968018
992 1.22925
993 -1.14441
994 -0.464844
995 0.354126
996 0.684937
997 0.449463
998 0.922729
999 -0.0571289
