0.200195 -0.213873 -0.990752
0.201172 -0.212217 -0.992407
0.202148 -0.210974 -0.99365
0.203125 -0.209733 -0.994891
0.204102 -0.207664 -0.99696
0.205078 -0.206425 -0.998199
0.206055 -0.204771 -0.999853
0.207031 -0.203535 -1.00109
0.208008 -0.201884 -1.00274
0.208984 -0.200646 -1.00398
0.209961 -0.198997 -1.00563
0.210938 -0.19776 -1.00686
0.211914 -0.196113 -1.00851
0.212891 -0.194878 -1.00975
0.213867 -0.193233 -1.01139
0.214844 -0.192 -1.01262
0.21582 -0.190768 -1.01386
0.216797 -0.189126 -1.0155
0.217773 -0.187894 -1.01673
0.21875 -0.186664 -1.01796
0.219727 -0.185023 -1.0196
0.220703 -0.183794 -1.02083
0.22168 -0.182565 -1.02206
0.222656 -0.180928 -1.0237
0.223633 -0.179701 -1.02492
0.224609 -0.178065 -1.02656
0.225586 -0.17684 -1.02778
0.226562 -0.175207 -1.02942
0.227539 -0.173984 -1.03064
0.228516 -0.172758 -1.03187
0.229492 -0.171128 -1.0335
0.230469 -0.169905 -1.03472
0.231445 -0.168276 -1.03635
0.232422 -0.167056 -1.03757
0.233398 -0.165836 -1.03879
0.234375 -0.164208 -1.04042
0.235352 -0.16299 -1.04163
0.236328 -0.161771 -1.04285
0.237305 -0.160149 -1.04447
0.238281 -0.158934 -1.04569
0.239258 -0.157716 -1.04691
0.240234 -0.156498 -1.04813
0.241211 -0.15488 -1.04974
0.242188 -0.153665 -1.05096
0.243164 -0.152451 -1.05217
0.244141 -0.15124 -1.05338
0.245117 -0.149221 -1.0554
0.246094 -0.148007 -1.05662
0.24707 -0.146797 -1.05783
0.248047 -0.145588 -1.05904
0.249023 -0.14438 -1.06024
0.25 -0.143571 -1.06105
0.250977 -0.141559 -1.06307
0.251953 -0.139949 -1.06468
0.25293 -0.138742 -1.06588
0.253906 -0.137535 -1.06709
0.254883 -0.136329 -1.06829
0.255859 -0.135125 -1.0695
0.256836 -0.133924 -1.0707
0.257812 -0.132318 -1.07231
0.258789 -0.131119 -1.0735
0.259766 -0.129916 -1.07471
0.260742 -0.128713 -1.07591
0.261719 -0.127112 -1.07751
0.262695 -0.125918 -1.07871
0.263672 -0.124712 -1.07991
0.264648 -0.123514 -1.08111
0.265625 -0.122317 -1.08231
0.266602 -0.120729 -1.0839
0.267578 -0.119922 -1.0847
0.268555 -0.11793 -1.08669
0.269531 -0.117133 -1.08749
0.270508 -0.11594 -1.08868
0.271484 -0.114748 -1.08988
0.272461 -0.113155 -1.09147
0.273438 -0.111966 -1.09266
0.274414 -0.110771 -1.09385
0.275391 -0.109581 -1.09504
0.276367 -0.108392 -1.09623
0.277344 -0.107199 -1.09742
0.27832 -0.105619 -1.09901
0.279297 -0.104427 -1.1002
0.280273 -0.103247 -1.10138
0.28125 -0.102058 -1.10257
0.282227 -0.10087 -1.10375
0.283203 -0.0992895 -1.10533
0.28418 -0.0981033 -1.10652
0.285156 -0.0969251 -1.1077
0.286133 -0.095736 -1.10889
0.287109 -0.0945645 -1.11006
0.288086 -0.0933747 -1.11125
0.289062 -0.0921956 -1.11243
0.290039 -0.0906214 -1.114
0.291016 -0.0898307 -1.11479
0.291992 -0.0882677 -1.11636
0.292969 -0.0870782 -1.11755
0.293945 -0.0859179 -1.11871
0.294922 -0.0847231 -1.1199
0.295898 -0.0835719 -1.12105
0.296875 -0.0823741 -1.12225
0.297852 -0.0812128 -1.12341
0.298828 -0.079635 -1.12499
0.299805 -0.0788577 -1.12577
0.300781 -0.0772935 -1.12733
0.301758 -0.0761184 -1.12851
0.302734 -0.0749558 -1.12967
0.303711 -0.073771 -1.13085
0.304688 -0.072622 -1.132
0.305664 -0.071819 -1.13281
0.306641 -0.070292 -1.13433
0.307617 -0.069485 -1.13514
0.308594 -0.0679469 -1.13668
0.30957 -0.0671549 -1.13747
0.310547 -0.0656059 -1.13902
0.311523 -0.0648286 -1.1398
0.3125 -0.0632688 -1.14136
0.313477 -0.0625062 -1.14212
0.314453 -0.0609356 -1.14369
0.31543 -0.0601875 -1.14444
0.316406 -0.0586152 -1.14601
0.317383 -0.0578726 -1.14675
0.318359 -0.0562986 -1.14833
0.319336 -0.0551588 -1.14947
0.320312 -0.0539858 -1.15064
0.321289 -0.0524587 -1.15217
0.322266 -0.0516768 -1.15295
0.323242 -0.0501333 -1.15449
0.324219 -0.0493943 -1.15523
0.325195 -0.0478298 -1.15679
0.326172 -0.0470951 -1.15753
0.327148 -0.0455301 -1.15909
0.328125 -0.0447724 -1.15985
0.329102 -0.0436249 -1.161
0.330078 -0.0424537 -1.16217
0.331055 -0.0413328 -1.16329
0.332031 -0.0401391 -1.16448
0.333008 -0.0390444 -1.16558
0.333984 -0.0383468 -1.16628
0.334961 -0.0366552 -1.16797
0.335938 -0.0360671 -1.16856
0.336914 -0.0343634 -1.17026
0.337891 -0.033791 -1.17083
0.338867 -0.0320753 -1.17255
0.339844 -0.0309327 -1.17369
0.34082 -0.0298451 -1.17478
0.341797 -0.0286503 -1.17597
0.342773 -0.0275427 -1.17708
0.34375 -0.0263716 -1.17825
0.344727 -0.0262472 -1.17838
0.345703 -0.0244828 -1.18014
0.34668 -0.0233724 -1.18125
0.347656 -0.0222116 -1.18241
0.348633 -0.021731 -1.18289
0.349609 -0.0199441 -1.18468
0.350586 -0.0194783 -1.18515
0.351562 -0.0187477 -1.18588
0.352539 -0.017229 -1.1874
0.353516 -0.0160762 -1.18855
0.354492 -0.0153778 -1.18925
0.355469 -0.0142563 -1.19037
0.356445 -0.0136435 -1.19098
0.357422 -0.0120159 -1.19261
0.358398 -0.011416 -1.19321
0.359375 -0.0111241 -1.1935
0.360352 -0.00959435 -1.19503
0.361328 -0.00879544 -1.19583
0.362305 -0.00845066 -1.19617
0.363281 -0.00829977 -1.19632
0.364258 -0.00840025 -1.19622
0.365234 -0.00825448 -1.19637
0.366211 -0.0103026 -1.19432
0.367188 -0.0112966 -1.19333
0.368164 -0.0104649 -1.19416
0.369141 -0.0113514 -1.19327
0.370117 -0.0138773 -1.19075
0.371094 -0.0145425 -1.19008
0.37207 -0.0149523 -1.18967
0.373047 -0.0151769 -1.18945
0.374023 -0.0142766 -1.19035
0.375 -0.0138573 -1.19077
0.375977 -0.0129614 -1.19166
0.376953 -0.0143491 -1.19027
0.37793 -0.0137607 -1.19086
0.378906 -0.0193777 -1.18525
0.379883 -0.0216352 -1.18299
0.380859 -0.0245383 -1.18009
0.381836 -0.0270391 -1.17758
0.382812 -0.0299685 -1.17466
0.383789 -0.0305228 -1.1741
0.384766 -0.0347859 -1.16984
0.385742 -0.0362766 -1.16835
0.386719 -0.0366683 -1.16796
0.387695 -0.0403782 -1.16425
0.388672 -0.0435802 -1.16104
0.389648 -0.0479388 -1.15669
0.390625 -0.0485053 -1.15612
0.391602 -0.0520154 -1.15261
0.392578 -0.0548801 -1.14974
0.393555 -0.0565603 -1.14806
0.394531 -0.0589177 -1.14571
0.395508 -0.0627959 -1.14183
0.396484 -0.0623293 -1.14229
0.397461 -0.066341 -1.13828
0.398438 -0.070042 -1.13458
0.399414 -0.0715933 -1.13303
0.400391 -0.0761432 -1.12848
0.401367 -0.0770992 -1.12752
0.402344 -0.0806507 -1.12397
0.40332 -0.0830857 -1.12154
0.404297 -0.0848526 -1.11977
0.405273 -0.0905837 -1.11404
0.40625 -0.0899485 -1.11468
0.407227 -0.0938438 -1.11078
0.408203 -0.0991405 -1.10548
0.40918 -0.100043 -1.10458
0.410156 -0.102851 -1.10177
0.411133 -0.10786 -1.09676
0.412109 -0.107259 -1.09737
0.413086 -0.110812 -1.09381
0.414062 -0.114645 -1.08998
0.415039 -0.114869 -1.08975
0.416016 -0.118803 -1.08582
0.416992 -0.124307 -1.08032
0.417969 -0.124579 -1.08005
0.418945 -0.128732 -1.07589
0.419922 -0.129028 -1.0756
0.420898 -0.133293 -1.07133
0.421875 -0.139249 -1.06538
0.422852 -0.139598 -1.06503
0.423828 -0.144841 -1.05978
0.424805 -0.145398 -1.05923
0.425781 -0.149875 -1.05475
0.426758 -0.150457 -1.05417
0.427734 -0.15602 -1.0486
0.428711 -0.159341 -1.04528
0.429688 -0.163352 -1.04127
0.430664 -0.165633 -1.03899
0.431641 -0.169952 -1.03467
0.432617 -0.173339 -1.03129
0.433594 -0.176785 -1.02784
0.43457 -0.180293 -1.02433
0.435547 -0.182806 -1.02182
0.436523 -0.184609 -1.02002
0.4375 -0.191203 -1.01342
0.438477 -0.196082 -1.00854
0.439453 -0.19897 -1.00565
0.44043 -0.202885 -1.00174
0.441406 -0.203577 -1.00105
0.442383 -0.208752 -0.995872
0.443359 -0.212863 -0.991761
0.444336 -0.217056 -0.987568
0.445312 -0.220257 -0.984367
0.446289 -0.225841 -0.978783
0.447266 -0.22792 -0.976704
0.448242 -0.232426 -0.972198
0.449219 -0.23833 -0.966294
0.450195 -0.241866 -0.962758
0.451172 -0.248024 -0.9566
0.452148 -0.24899 -0.955634
0.453125 -0.255357 -0.949267
0.454102 -0.259188 -0.945436
0.455078 -0.260231 -0.944393
0.456055 -0.266939 -0.937685
0.457031 -0.272475 -0.932149
0.458008 -0.275115 -0.929509
0.458984 -0.280859 -0.923765
0.459961 -0.282057 -0.922567
0.460938 -0.294196 -0.910428
0.461914 -0.295495 -0.909129
0.462891 -0.296918 -0.907706
0.463867 -0.304864 -0.899761
0.464844 -0.311452 -0.893172
0.46582 -0.312896 -0.891728
0.466797 -0.326914 -0.877711
0.467773 -0.328594 -0.87603
0.46875 -0.334027 -0.870597
0.469727 -0.339609 -0.865015
0.470703 -0.341318 -0.863306
0.47168 -0.351171 -0.853454
0.472656 -0.359427 -0.845197
0.473633 -0.363557 -0.841067
0.474609 -0.365617 -0.839007
0.475586 -0.376877 -0.827747
0.476562 -0.379018 -0.825606
0.477539 -0.398772 -0.805852
0.478516 -0.401227 -0.803397
0.479492 -0.412105 -0.792519
0.480469 -0.420761 -0.783863
0.481445 -0.42669 -0.777934
0.482422 -0.436135 -0.768489
0.483398 -0.439305 -0.76532
0.484375 -0.457063 -0.747561
0.485352 -0.464761 -0.739863
0.486328 -0.486625 -0.717999
0.487305 -0.491481 -0.713143
0.488281 -0.501983 -0.702641
0.489258 -0.527572 -0.677053
0.490234 -0.555219 -0.649405
0.491211 -0.60259 -0.602034
0.492188 -0.602672 -0.601953
0.493164 -0.603517 -0.601107
0.494141 -0.603501 -0.601123
0.495117 -0.602326 -0.602299
0.496094 -0.602312 -0.602312
0.49707 -0.60247 -0.602154
0.498047 -0.602344 -0.60228
0.499023 -0.602404 -0.60222
0.5 -0.602492 -0.602132
0.500977 -0.602325 -0.602299
0.501953 -0.602296 -0.602328
0.50293 -0.602396 -0.602228
0.503906 -0.602609 -0.602015
0.504883 -0.603161 -0.601463
0.505859 -0.60384 -0.600785
0.506836 -0.602286 -0.602338
0.507812 -0.603708 -0.600916
0.508789 -0.602401 -0.602223
0.509766 -0.604467 -0.600157
0.510742 -0.603042 -0.601582
0.511719 -0.602435 -0.602189
0.512695 -0.602278 -0.602346
0.513672 -0.604373 -0.600251
0.514648 -0.602647 -0.601977
0.515625 -0.603723 -0.600901
0.516602 -0.603025 -0.601599
0.517578 -0.602382 -0.602242
0.518555 -0.602578 -0.602046
0.519531 -0.603513 -0.601111
0.520508 -0.602261 -0.602363
0.521484 -0.603088 -0.601536
0.522461 -0.602255 -0.602369
0.523438 -0.602271 -0.602353
0.524414 -0.602257 -0.602367
0.525391 -0.602836 -0.601788
0.526367 -0.602353 -0.602271
0.527344 -0.602543 -0.602081
0.52832 -0.60308 -0.601544
0.529297 -0.602288 -0.602336
0.530273 -0.602539 -0.602085
0.53125 -0.602238 -0.602386
0.532227 -0.603007 -0.601617
0.533203 -0.603638 -0.600986
0.53418 -0.602427 -0.602197
0.535156 -0.604176 -0.600448
0.536133 -0.602468 -0.602156
0.537109 -0.603656 -0.600968
0.538086 -0.602616 -0.602008
0.539062 -0.602236 -0.602388
0.540039 -0.602307 -0.602317
0.541016 -0.603139 -0.601485
0.541992 -0.603988 -0.600636
0.542969 -0.602846 -0.601778
0.543945 -0.60239 -0.602234
0.544922 -0.604009 -0.600615
0.545898 -0.602437 -0.602187
0.546875 -0.603827 -0.600797
0.547852 -0.603797 -0.600827
0.548828 -0.603692 -0.600932
0.549805 -0.602574 -0.60205
0.550781 -0.602407 -0.602217
0.551758 -0.602205 -0.602419
0.552734 -0.603354 -0.60127
0.553711 -0.602654 -0.60197
0.554688 -0.602968 -0.601656
0.555664 -0.602201 -0.602423
0.556641 -0.602573 -0.602051
0.557617 -0.602958 -0.601666
0.558594 -0.602526 -0.602098
0.55957 -0.602331 -0.602293
0.560547 -0.603362 -0.601263
0.561523 -0.603977 -0.600647
0.5625 -0.604012 -0.600613
0.563477 -0.60224 -0.602385
0.564453 -0.602455 -0.602169
0.56543 -0.603382 -0.601242
0.566406 -0.602199 -0.602425
0.567383 -0.602179 -0.602445
0.568359 -0.602157 -0.602467
0.569336 -0.602202 -0.602422
0.570312 -0.602175 -0.602449
0.571289 -0.602502 -0.602122
0.572266 -0.602357 -0.602267
0.573242 -0.602213 -0.602412
0.574219 -0.602194 -0.60243
0.575195 -0.602147 -0.602478
0.576172 -0.602144 -0.60248
0.577148 -0.602144 -0.60248
0.578125 -0.602173 -0.602451
0.579102 -0.602741 -0.601883
0.580078 -0.602446 -0.602178
0.581055 -0.602395 -0.602229
0.582031 -0.602305 -0.602319
0.583008 -0.603021 -0.601603
0.583984 -0.603616 -0.601008
0.584961 -0.603704 -0.60092
0.585938 -0.602408 -0.602216
0.586914 -0.602132 -0.602492
0.587891 -0.602195 -0.602429
0.588867 -0.602175 -0.602449
0.589844 -0.602279 -0.602345
0.59082 -0.602432 -0.602193
0.591797 -0.602539 -0.602085
0.592773 -0.602207 -0.602417
0.59375 -0.602104 -0.60252
0.594727 -0.602232 -0.602393
0.595703 -0.602669 -0.601955
0.59668 -0.603638 -0.600986
0.597656 -0.602084 -0.60254
0.598633 -0.602346 -0.602278
0.599609 -0.602081 -0.602543
0.600586 -0.602164 -0.60246
0.601562 -0.602974 -0.60165
0.602539 -0.602453 -0.602171
0.603516 -0.603305 -0.601319
0.604492 -0.603102 -0.601522
0.605469 -0.602126 -0.602498
0.606445 -0.603098 -0.601526
0.607422 -0.60235 -0.602274
0.608398 -0.602301 -0.602323
0.609375 -0.603051 -0.601573
0.610352 -0.603505 -0.601119
0.611328 -0.602995 -0.601629
0.612305 -0.602045 -0.602579
0.613281 -0.602053 -0.602571
0.614258 -0.602295 -0.602329
0.615234 -0.602386 -0.602238
0.616211 -0.602905 -0.601719
0.617188 -0.602055 -0.602569
0.618164 -0.602057 -0.602567
0.619141 -0.603787 -0.600837
0.620117 -0.602016 -0.602608
0.621094 -0.602889 -0.601735
0.62207 -0.602541 -0.602083
0.623047 -0.602472 -0.602152
0.624023 -0.602421 -0.602203
0.625 -0.602406 -0.602218
0.625977 -0.60356 -0.601064
0.626953 -0.602463 -0.602162
0.62793 -0.601999 -0.602625
0.628906 -0.603559 -0.601065
0.629883 -0.602078 -0.602546
0.630859 -0.602052 -0.602572
0.631836 -0.60244 -0.602184
0.632812 -0.602752 -0.601872
0.633789 -0.602049 -0.602575
0.634766 -0.601894 -0.602731
0.635742 -0.60197 -0.602654
0.636719 -0.602026 -0.602598
0.637695 -0.601945 -0.602679
0.638672 -0.602154 -0.60247
0.639648 -0.602285 -0.602339
0.640625 -0.602023 -0.602601
0.641602 -0.603141 -0.601483
0.642578 -0.601957 -0.602667
0.643555 -0.602202 -0.602422
0.644531 -0.602215 -0.602409
0.645508 -0.603109 -0.601515
0.646484 -0.602005 -0.602619
0.647461 -0.601945 -0.602679
0.648438 -0.602465 -0.602159
0.649414 -0.602075 -0.602549
0.650391 -0.603558 -0.601066
0.651367 -0.602018 -0.602606
0.652344 -0.601914 -0.60271
0.65332 -0.602041 -0.602583
0.654297 -0.602363 -0.602261
0.655273 -0.602377 -0.602247
0.65625 -0.603043 -0.601581
0.657227 -0.602905 -0.601719
0.658203 -0.602726 -0.601898
0.65918 -0.602102 -0.602522
0.660156 -0.601937 -0.602687
0.661133 -0.603685 -0.600939
0.662109 -0.602742 -0.601882
0.663086 -0.602031 -0.602593
0.664062 -0.601958 -0.602666
0.665039 -0.603023 -0.601601
0.666016 -0.601985 -0.602639
0.666992 -0.602227 -0.602397
0.667969 -0.601847 -0.602777
0.668945 -0.601853 -0.602771
0.669922 -0.603682 -0.600942
0.670898 -0.601947 -0.602677
0.671875 -0.603455 -0.601169
0.672852 -0.601984 -0.60264
0.673828 -0.603503 -0.601121
0.674805 -0.601969 -0.602655
0.675781 -0.601882 -0.602742
0.676758 -0.60193 -0.602694
0.677734 -0.603208 -0.601416
0.678711 -0.602162 -0.602462
0.679688 -0.601946 -0.602678
0.680664 -0.602425 -0.602199
0.681641 -0.602196 -0.602428
0.682617 -0.603261 -0.601363
0.683594 -0.602555 -0.602069
0.68457 -0.602057 -0.602567
0.685547 -0.603655 -0.600969
0.686523 -0.602778 -0.601846
0.6875 -0.601765 -0.602859
0.688477 -0.601776 -0.602848
0.689453 -0.601836 -0.602788
0.69043 -0.603125 -0.601499
0.691406 -0.601898 -0.602726
0.692383 -0.602893 -0.601731
0.693359 -0.601935 -0.602689
0.694336 -0.602304 -0.60232
0.695312 -0.601987 -0.602637
0.696289 -0.60171 -0.602914
0.697266 -0.602233 -0.602391
0.698242 -0.601726 -0.602898
0.699219 -0.601977 -0.602647
0.700195 -0.603634 -0.60099
0.701172 -0.603031 -0.601593
0.702148 -0.603611 -0.601013
0.703125 -0.602653 -0.601972
0.704102 -0.601787 -0.602837
0.705078 -0.602459 -0.602165
0.706055 -0.602759 -0.601865
0.707031 -0.601653 -0.602971
0.708008 -0.602062 -0.602562
0.708984 -0.601817 -0.602807
0.709961 -0.601671 -0.602953
0.710938 -0.601719 -0.602905
0.711914 -0.601853 -0.602771
0.712891 -0.601818 -0.602806
0.713867 -0.603417 -0.601207
0.714844 -0.601993 -0.602631
0.71582 -0.600892 -0.603732
0.716797 -0.601589 -0.603035
0.717773 -0.602171 -0.602453
0.71875 -0.602954 -0.60167
0.719727 -0.602804 -0.601821
0.720703 -0.60172 -0.602904
0.72168 -0.601567 -0.603057
0.722656 -0.601759 -0.602865
0.723633 -0.602036 -0.602588
0.724609 -0.601826 -0.602798
0.725586 -0.602808 -0.601816
0.726562 -0.601622 -0.603002
0.727539 -0.603269 -0.601355
0.728516 -0.602394 -0.60223
0.729492 -0.601488 -0.603137
0.730469 -0.602345 -0.602279
0.731445 -0.602721 -0.601904
0.732422 -0.601473 -0.603151
0.733398 -0.602471 -0.602153
0.734375 -0.603248 -0.601376
0.735352 -0.601433 -0.603191
0.736328 -0.601475 -0.603149
0.737305 -0.60204 -0.602584
0.738281 -0.601528 -0.603096
0.739258 -0.601515 -0.603109
0.740234 -0.603231 -0.601393
0.741211 -0.60251 -0.602114
0.742188 -0.603392 -0.601232
0.743164 -0.601394 -0.60323
0.744141 -0.602665 -0.601959
0.745117 -0.601896 -0.602728
0.746094 -0.602102 -0.602522
0.74707 -0.60144 -0.603184
0.748047 -0.601521 -0.603103
0.749023 -0.602529 -0.602095
0.75 -0.601356 -0.603268
0.750977 -0.602435 -0.602189
0.751953 -0.601379 -0.603245
0.75293 -0.601605 -0.603019
0.753906 -0.602535 -0.602089
0.754883 -0.601558 -0.603066
0.755859 -0.602313 -0.602311
0.756836 -0.601459 -0.603165
0.757812 -0.60133 -0.603294
0.758789 -0.602513 -0.602111
0.759766 -0.60233 -0.602294
0.760742 -0.601624 -0.603
0.761719 -0.601339 -0.603285
0.762695 -0.601099 -0.603525
0.763672 -0.601339 -0.603285
0.764648 -0.60127 -0.603354
0.765625 -0.602386 -0.602238
0.766602 -0.601015 -0.603609
0.767578 -0.601614 -0.60301
0.768555 -0.601359 -0.603265
0.769531 -0.601119 -0.603505
0.770508 -0.600938 -0.603686
0.771484 -0.601293 -0.603331
0.772461 -0.600918 -0.603706
0.773438 -0.601057 -0.603567
0.774414 -0.601551 -0.603073
0.775391 -0.601342 -0.603282
0.776367 -0.601673 -0.602951
0.777344 -0.601115 -0.603509
0.77832 -0.601506 -0.603118
0.779297 -0.600806 -0.603818
0.780273 -0.60066 -0.603964
0.78125 -0.603132 -0.601492
0.782227 -0.600447 -0.604177
0.783203 -0.60092 -0.603704
0.78418 -0.60054 -0.604084
0.785156 -0.601237 -0.603387
0.786133 -0.600528 -0.604096
0.787109 -0.601972 -0.602652
0.788086 -0.599741 -0.604883
0.789062 -0.60094 -0.603684
0.790039 -0.599235 -0.605389
0.791016 -0.557519 -0.647105
0.791992 -0.528103 -0.676521
0.792969 -0.524838 -0.679786
0.793945 -0.494622 -0.710002
0.794922 -0.479528 -0.725096
0.795898 -0.468982 -0.735642
0.796875 -0.455947 -0.748678
0.797852 -0.439639 -0.764985
0.798828 -0.432558 -0.772066
0.799805 -0.43112 -0.773504
0.800781 -0.411947 -0.792677
0.801758 -0.408432 -0.796192
0.802734 -0.396864 -0.80776
0.803711 -0.391836 -0.812788
0.804688 -0.38763 -0.816994
0.805664 -0.381595 -0.823029
0.806641 -0.370575 -0.834049
0.807617 -0.362256 -0.842368
0.808594 -0.357959 -0.846665
0.80957 -0.35522 -0.849404
0.810547 -0.349731 -0.854893
0.811523 -0.337578 -0.867046
0.8125 -0.332757 -0.871867
0.813477 -0.327054 -0.87757
0.814453 -0.322007 -0.882617
0.81543 -0.323412 -0.881212
0.816406 -0.311109 -0.893515
0.817383 -0.306741 -0.897883
0.818359 -0.298938 -0.905686
0.819336 -0.29556 -0.909064
0.820312 -0.292685 -0.911939
0.821289 -0.29064 -0.913984
0.822266 -0.284558 -0.920066
0.823242 -0.280091 -0.924533
0.824219 -0.276517 -0.928107
0.825195 -0.270005 -0.934619
0.826172 -0.264183 -0.940441
0.827148 -0.261161 -0.943463
0.828125 -0.255682 -0.948942
0.829102 -0.252689 -0.951935
0.830078 -0.246133 -0.958491
0.831055 -0.242197 -0.962427
0.832031 -0.239184 -0.96544
0.833008 -0.233151 -0.971474
0.833984 -0.229391 -0.975233
0.834961 -0.228085 -0.976539
0.835938 -0.22231 -0.982314
0.836914 -0.219338 -0.985286
0.837891 -0.215397 -0.989227
0.838867 -0.209216 -0.995408
0.839844 -0.208586 -0.996038
0.84082 -0.20499 -0.999634
0.841797 -0.199726 -1.0049
0.842773 -0.195351 -1.00927
0.84375 -0.192572 -1.01205
0.844727 -0.189053 -1.01557
0.845703 -0.18456 -1.02006
0.84668 -0.181372 -1.02325
0.847656 -0.176829 -1.02779
0.848633 -0.172841 -1.03178
0.849609 -0.17108 -1.03354
0.850586 -0.167884 -1.03674
0.851562 -0.163616 -1.04101
0.852539 -0.162738 -1.04189
0.853516 -0.158497 -1.04613
0.854492 -0.15713 -1.04749
0.855469 -0.153205 -1.05142
0.856445 -0.15029 -1.05433
0.857422 -0.1464 -1.05822
0.858398 -0.142336 -1.06229
0.859375 -0.139816 -1.06481
0.860352 -0.137429 -1.06719
0.861328 -0.133708 -1.07092
0.862305 -0.130553 -1.07407
0.863281 -0.128238 -1.07639
0.864258 -0.125266 -1.07936
0.865234 -0.120421 -1.0842
0.866211 -0.119615 -1.08501
0.867188 -0.114533 -1.09009
0.868164 -0.111541 -1.09308
0.869141 -0.110385 -1.09424
0.870117 -0.10638 -1.09824
0.871094 -0.106535 -1.09809
0.87207 -0.0999805 -1.10464
0.873047 -0.0978438 -1.10678
0.874023 -0.0963291 -1.10829
0.875 -0.0933035 -1.11132
0.875977 -0.0911399 -1.11348
0.876953 -0.0882997 -1.11632
0.87793 -0.0864343 -1.11819
0.878906 -0.0831674 -1.12146
0.879883 -0.0809384 -1.12369
0.880859 -0.0770171 -1.12761
0.881836 -0.075468 -1.12916
0.882812 -0.0716548 -1.13297
0.883789 -0.0698232 -1.1348
0.884766 -0.0664909 -1.13813
0.885742 -0.06505 -1.13957
0.886719 -0.0638979 -1.14073
0.887695 -0.059972 -1.14465
0.888672 -0.0581282 -1.1465
0.889648 -0.055763 -1.14886
0.890625 -0.052902 -1.15172
0.891602 -0.0497865 -1.15484
0.892578 -0.0474167 -1.15721
0.893555 -0.0462789 -1.15835
0.894531 -0.0428978 -1.16173
0.895508 -0.0426761 -1.16195
0.896484 -0.0407367 -1.16389
0.897461 -0.0356111 -1.16901
0.898438 -0.0337331 -1.17089
0.899414 -0.0336469 -1.17098
0.900391 -0.027553 -1.17707
0.901367 -0.0278832 -1.17674
0.902344 -0.0298686 -1.17476
0.90332 -0.0255835 -1.17904
0.904297 -0.0215378 -1.18309
0.905273 -0.0247456 -1.17988
0.90625 -0.0173611 -1.18726
0.907227 -0.016354 -1.18827
0.908203 -0.0139624 -1.19066
0.90918 -0.0130463 -1.19158
0.910156 -0.00994257 -1.19468
0.911133 -0.0084403 -1.19618
0.912109 -0.00419478 -1.20043
0.913086 -0.00138777 -1.20324
0.914062 0.00204166 -1.20667
0.915039 0.00337014 -1.20799
0.916016 0.00625007 -1.21087
0.916992 0.00928819 -1.21391
0.917969 0.0114085 -1.21603
0.918945 0.0131069 -1.21773
0.919922 0.014533 -1.21916
0.920898 0.0153188 -1.21994
0.921875 0.0183946 -1.22302
0.922852 -0.00105781 -1.20357
0.923828 0.0207221 -1.22535
0.924805 -0.0549159 -1.14971
0.925781 -0.0546131 -1.15001
0.926758 -0.0726249 -1.132
0.927734 -0.0536271 -1.151
0.928711 -0.0631119 -1.14151
0.929688 -0.0755006 -1.12912
0.930664 -0.0860338 -1.11859
0.931641 -0.0803243 -1.1243
0.932617 -0.113302 -1.09132
0.933594 -0.0739788 -1.13065
0.93457 -0.101849 -1.10277
0.935547 -0.118588 -1.08604
0.936523 -0.146265 -1.05836
0.9375 -0.154863 -1.04976
0.938477 -0.155689 -1.04893
0.939453 -0.137396 -1.06723
0.94043 -0.150173 -1.05445
0.941406 -0.176748 -1.02788
0.942383 -0.175372 -1.02925
0.943359 -0.15199 -1.05263
0.944336 -0.181696 -1.02293
0.945312 -0.225779 -0.978845
0.946289 -0.24739 -0.957234
0.947266 -0.229658 -0.974966
0.948242 -0.232297 -0.972327
0.949219 -0.280017 -0.924607
0.950195 -0.286881 -0.917744
0.951172 -0.300986 -0.903638
0.952148 -0.29862 -0.906005
0.953125 -0.307621 -0.897003
0.954102 -0.373716 -0.830909
0.955078 -0.338929 -0.865695
0.956055 -0.356344 -0.84828
0.957031 -0.478125 -0.726499
0.958008 -0.546739 -0.657885
0.958984 -0.600925 -0.603699
0.959961 -0.514146 -0.690478
0.960938 -0.601581 -0.603043
0.961914 -0.601233 -0.603391
0.962891 -0.601325 -0.603299
0.963867 -0.601396 -0.603228
0.964844 -0.602552 -0.602072
0.96582 -0.602177 -0.602447
0.966797 -0.601816 -0.602808
0.967773 -0.602024 -0.6026
0.96875 -0.590866 -0.613758
0.969727 -0.602209 -0.602415
0.970703 -0.602505 -0.602119
0.97168 -0.60242 -0.602204
0.972656 -0.602764 -0.601861
0.973633 -0.602304 -0.60232
0.974609 -0.602401 -0.602223
0.975586 -0.602409 -0.602215
0.976562 -0.601921 -0.602703
0.977539 -0.602194 -0.60243
0.978516 -0.60211 -0.602514
0.979492 -0.601806 -0.602818
0.980469 -0.492266 -0.712358
0.981445 -0.550829 -0.653795
0.982422 -0.395512 -0.809112
0.983398 -0.357093 -0.847531
0.984375 -0.395909 -0.808715
0.985352 -0.339686 -0.864938
0.986328 -0.351128 -0.853496
0.987305 -0.291918 -0.912706
0.988281 -0.308855 -0.895769
0.989258 -0.296797 -0.907827
0.990234 -0.254539 -0.950085
0.991211 -0.242389 -0.962235
0.992188 -0.252929 -0.951695
0.993164 -0.22565 -0.978974
0.994141 -0.219777 -0.984847
0.995117 -0.206802 -0.997822
0.996094 -0.197628 -1.007
0.99707 -0.197365 -1.00726
0.998047 -0.191477 -1.01315
0.999023 -0.170252 -1.03437
1 -0.161805 -1.04282
1.00098 -0.144619 -1.06
1.00195 -0.137134 -1.06749
1.00293 -0.146639 -1.05798
1.00391 -0.127696 -1.07693
1.00488 -0.118984 -1.08564
1.00586 -0.118199 -1.08643
1.00684 -0.110347 -1.09428
1.00781 -0.0997673 -1.10486
1.00879 -0.0945899 -1.11003
1.00977 -0.0892661 -1.11536
1.01074 -0.0742196 -1.1304
1.01172 -0.0746731 -1.12995
1.0127 -0.077122 -1.1275
1.01367 -0.0660114 -1.13861
1.01465 -0.0558095 -1.14881
1.01562 -0.0647062 -1.13992
1.0166 -0.0426033 -1.16202
1.01758 -0.0365333 -1.16809
1.01855 -0.0311554 -1.17347
1.01953 -0.0450234 -1.1596
1.02051 -0.0489369 -1.15569
1.02148 -0.0243665 -1.18026
1.02246 -0.0200199 -1.1846
1.02344 -0.0247858 -1.17984
1.02441 -0.019882 -1.18474
1.02539 0.000649864 -1.20527
1.02637 -0.0309702 -1.17365
1.02734 -0.0230908 -1.18153
1.02832 -0.0182999 -1.18632
1.0293 -0.0025068 -1.20212
1.03027 0.015654 -1.22028
1.03125 0.0195997 -1.22422
1.03223 -0.0312104 -1.17341
1.0332 0.0331554 -1.23778
1.03418 -0.0980634 -1.10656
1.03516 -0.172644 -1.03198
1.03613 -0.265347 -0.939277
1.03711 -0.598891 -0.605733
1.03809 -0.321437 -0.883187
1.03906 -0.401834 -0.80279
1.04004 -0.360947 -0.843678
1.04102 -0.273282 -0.931342
1.04199 -0.360829 -0.843796
1.04297 -0.147586 -1.05704
1.04395 -0.16648 -1.03814
1.04492 -0.0962449 -1.10838
1.0459 -0.0792312 -1.12539
1.04688 -0.098194 -1.10643
1.04785 -0.0850743 -1.11955
1.04883 -0.0635301 -1.14109
1.0498 -0.044464 -1.16016
1.05078 -0.00285585 -1.20177
1.05176 0.00165994 -1.20628
1.05273 -0.104115 -1.10051
1.05371 -0.0244808 -1.18014
1.05469 -0.0735346 -1.13109
1.05566 0.0108646 -1.21549
1.05664 -0.0514706 -1.15315
1.05762 0.0427026 -1.24733
1.05859 0.0286669 -1.23329
1.05957 0.0704977 -1.27512
1.06055 0.0530366 -1.25766
1.06152 0.0589573 -1.26358
1.0625 0.0872493 -1.29187
1.06348 0.0676739 -1.2723
1.06445 0.0938538 -1.29848
1.06543 0.0851573 -1.28978
1.06641 0.107805 -1.31243
1.06738 0.0845533 -1.28918
1.06836 0.119941 -1.32456
1.06934 0.112701 -1.31733
1.07031 0.115619 -1.32024
1.07129 0.0870589 -1.29168
1.07227 -0.0195546 -1.18507
1.07324 -0.00470577 -1.19992
1.07422 0.128063 -1.33269
1.0752 0.117018 -1.32164
1.07617 0.127867 -1.33249
1.07715 0.103165 -1.30779
1.07812 0.125476 -1.3301
1.0791 0.167469 -1.37209
1.08008 0.127992 -1.33262
1.08105 0.116329 -1.32095
1.08203 0.130096 -1.33472
1.08301 0.144781 -1.34941
1.08398 0.150407 -1.35503
1.08496 0.183743 -1.38837
1.08594 0.14859 -1.35321
1.08691 0.18429 -1.38891
1.08789 0.195391 -1.40002
1.08887 0.190618 -1.39524
1.08984 0.0784705 -1.28309
1.09082 0.197138 -1.40176
1.0918 0.201115 -1.40574
1.09277 0.0886327 -1.29326
1.09375 0.193367 -1.39799
1.09473 0.208097 -1.41272
1.0957 0.184414 -1.38904
1.09668 0.193663 -1.39829
1.09766 0.198453 -1.40308
1.09863 0.214073 -1.4187
1.09961 0.198111 -1.40273
1.10059 0.176228 -1.38085
1.10156 -0.182843 -1.02178
1.10254 0.225861 -1.43049
1.10352 0.229537 -1.43416
1.10449 0.207061 -1.41169
1.10547 0.193817 -1.39844
1.10645 0.150786 -1.35541
1.10742 0.212071 -1.41669
1.1084 0.208757 -1.41338
1.10938 0.212503 -1.41713
1.11035 0.183207 -1.38783
1.11133 0.145236 -1.34986
1.1123 0.217785 -1.42241
1.11328 0.24041 -1.44503
1.11426 0.213961 -1.41859
1.11523 0.244488 -1.44911
1.11621 0.208586 -1.41321
1.11719 0.19232 -1.39694
1.11816 0.209952 -1.41458
1.11914 0.254363 -1.45899
1.12012 0.21491 -1.41953
1.12109 0.174417 -1.37904
1.12207 0.216775 -1.4214
1.12305 0.229582 -1.43421
1.12402 0.237376 -1.442
1.125 0.235119 -1.43974
1.12598 0.167487 -1.37211
1.12695 0.287841 -1.49246
1.12793 0.229881 -1.43451
1.12891 0.119994 -1.32462
1.12988 0.291371 -1.49599
1.13086 0.244624 -1.44925
1.13184 0.275769 -1.48039
1.13281 0.250504 -1.45513
1.13379 0.264484 -1.46911
1.13477 0.255437 -1.46006
1.13574 0.293061 -1.49769
1.13672 0.268532 -1.47316
1.1377 0.213594 -1.41822
1.13867 0.210026 -1.41465
1.13965 0.298621 -1.50324
1.14062 0.301306 -1.50593
1.1416 0.24731 -1.45193
1.14258 0.21452 -1.41914
1.14355 0.129928 -1.33455
1.14453 0.292069 -1.49669
1.14551 0.27329 -1.47791
1.14648 0.255649 -1.46027
1.14746 0.205359 -1.40998
1.14844 0.26772 -1.47234
1.14941 0.224549 -1.42917
1.15039 0.332027 -1.53665
1.15137 0.260616 -1.46524
1.15234 0.254351 -1.45898
1.15332 0.272934 -1.47756
1.1543 0.27252 -1.47714
1.15527 0.303978 -1.5086
1.15625 0.313902 -1.51853
1.15723 0.307428 -1.51205
1.1582 0.276384 -1.48101
1.15918 0.319128 -1.52375
1.16016 0.311806 -1.51643
1.16113 0.359224 -1.56385
1.16211 0.299908 -1.50453
1.16309 0.183689 -1.38831
1.16406 0.328722 -1.53335
1.16504 0.254739 -1.45936
1.16602 0.254613 -1.45924
1.16699 0.279773 -1.4844
1.16797 0.290019 -1.49464
1.16895 0.308393 -1.51302
1.16992 0.301305 -1.50593
1.1709 0.34203 -1.54665
1.17188 0.329188 -1.53381
1.17285 0.315656 -1.52028
1.17383 0.301347 -1.50597
1.1748 0.305688 -1.51031
1.17578 0.334448 -1.53907
1.17676 0.559755 -1.76438
1.17773 0.318809 -1.52343
1.17871 0.225835 -1.43046
1.17969 0.296536 -1.50116
1.18066 0.323494 -1.52812
1.18164 0.294287 -1.49891
1.18262 0.364417 -1.56904
1.18359 0.310249 -1.51487
1.18457 0.334801 -1.53942
1.18555 0.329083 -1.53371
1.18652 0.564827 -1.76945
1.1875 0.300036 -1.50466
1.18848 0.300097 -1.50472
1.18945 0.329811 -1.53444
1.19043 0.376747 -1.58137
1.19141 0.334875 -1.5395
1.19238 0.28956 -1.49418
1.19336 0.291606 -1.49623
1.19434 0.250277 -1.4549
1.19531 0.322799 -1.52742
1.19629 0.239573 -1.4442
1.19727 0.293892 -1.49852
1.19824 0.30212 -1.50674
1.19922 0.234396 -1.43902
1.2002 0.359274 -1.5639
1.20117 0.197461 -1.40208
1.20215 0.266298 -1.47092
1.20312 0.337581 -1.54221
1.2041 0.27971 -1.48433
1.20508 0.397906 -1.60253
1.20605 0.27902 -1.48364
1.20703 0.370149 -1.57477
1.20801 0.318793 -1.52342
1.20898 0.320644 -1.52527
1.20996 0.378579 -1.5832
1.21094 0.37953 -1.58415
1.21191 0.333919 -1.53854
1.21289 0.296948 -1.50157
1.21387 0.351556 -1.55618
1.21484 0.304723 -1.50935
1.21582 0.307831 -1.51246
1.2168 0.271581 -1.47621
1.21777 0.320796 -1.52542
1.21875 0.35146 -1.55608
1.21973 0.239452 -1.44408
1.2207 0.325649 -1.53027
1.22168 0.291661 -1.49629
1.22266 0.283319 -1.48794
1.22363 0.260713 -1.46534
1.22461 0.218768 -1.42339
1.22559 0.429286 -1.63391
1.22656 0.0386659 -1.24329
1.22754 -0.134345 -1.07028
1.22852 0.335853 -1.54048
1.22949 -0.220614 -0.98401
1.23047 -0.311054 -0.89357
1.23145 -0.392377 -0.812247
1.23242 -0.480428 -0.724196
1.2334 -0.376106 -0.828518
1.23438 -0.374351 -0.830273
1.23535 -0.303224 -0.9014
1.23633 -0.307562 -0.897062
1.2373 -0.248409 -0.956215
1.23828 -0.239904 -0.96472
1.23926 -0.256706 -0.947918
1.24023 -0.205214 -0.99941
1.24121 -0.185813 -1.01881
1.24219 -0.172525 -1.0321
1.24316 -0.189648 -1.01498
1.24414 -0.17151 -1.03311
1.24512 -0.142459 -1.06217
1.24609 -0.17108 -1.03354
1.24707 -0.135456 -1.06917
1.24805 -0.131113 -1.07351
1.24902 -0.0811169 -1.12351
1.25 -0.102609 -1.10201
1.25098 -0.0583963 -1.14623
1.25195 -0.0492433 -1.15538
1.25293 -0.0218311 -1.18279
1.25391 -0.0228988 -1.18173
1.25488 -0.0132425 -1.19138
1.25586 0.014906 -1.21953
1.25684 0.00894217 -1.21357
1.25781 0.00540027 -1.21002
1.25879 -0.0384255 -1.1662
1.25977 0.0682047 -1.27283
1.26074 -0.0109224 -1.1937
1.26172 0.00788141 -1.21251
1.2627 0.0793609 -1.28398
1.26367 0.0991642 -1.30379
1.26465 0.0390341 -1.24366
1.26562 0.05675 -1.26137
1.2666 0.0769984 -1.28162
1.26758 0.127115 -1.33174
1.26855 0.0478443 -1.25247
1.26953 0.147476 -1.3521
1.27051 0.0752814 -1.27991
1.27148 0.155619 -1.36024
1.27246 0.234269 -1.43889
1.27344 0.16745 -1.37207
1.27441 0.296045 -1.50067
1.27539 0.202032 -1.40666
1.27637 0.153345 -1.35797
1.27734 0.184619 -1.38924
1.27832 0.188392 -1.39302
1.2793 0.309404 -1.51403
1.28027 0.333938 -1.53856
1.28125 0.328655 -1.53328
1.28223 0.341236 -1.54586
1.2832 0.14255 -1.34717
1.28418 0.31432 -1.51894
1.28516 0.156997 -1.36162
1.28613 0.334192 -1.53882
1.28711 0.328919 -1.53354
1.28809 0.283656 -1.48828
1.28906 0.173955 -1.37858
1.29004 0.270814 -1.47544
1.29102 0.291487 -1.49611
1.29199 0.36038 -1.565
1.29297 0.290799 -1.49542
1.29395 0.31703 -1.52165
1.29492 0.338601 -1.54322
1.2959 0.256902 -1.46153
1.29688 0.283464 -1.48809
1.29785 0.27553 -1.48015
1.29883 0.206409 -1.41103
1.2998 -0.121528 -1.0831
1.30078 -0.26446 -0.940164
1.30176 -0.0134409 -1.19118
1.30273 -0.13915 -1.06547
1.30371 -0.0133871 -1.19124
1.30469 -0.00392278 -1.2007
1.30566 -0.10055 -1.10407
1.30664 0.0775155 -1.28214
1.30762 0.108195 -1.31282
1.30859 0.109369 -1.31399
1.30957 0.352617 -1.55724
1.31055 0.123795 -1.32842
1.31152 0.29179 -1.49641
1.3125 0.334818 -1.53944
1.31348 0.370812 -1.57544
1.31445 0.309231 -1.51386
1.31543 0.376933 -1.58156
1.31641 0.345996 -1.55062
1.31738 0.374408 -1.57903
1.31836 0.376888 -1.58151
1.31934 0.370268 -1.57489
1.32031 0.325182 -1.52981
1.32129 0.313987 -1.51861
1.32227 0.253243 -1.45787
1.32324 0.256144 -1.46077
1.32422 0.298384 -1.50301
1.3252 0.32373 -1.52835
1.32617 0.343333 -1.54796
1.32715 0.301988 -1.50661
1.32812 0.341046 -1.54567
1.3291 0.31108 -1.5157
1.33008 0.352442 -1.55707
1.33105 0.293419 -1.49804
1.33203 0.371322 -1.57595
1.33301 0.330477 -1.5351
1.33398 0.392846 -1.59747
1.33496 0.335043 -1.53967
1.33594 0.432253 -1.63688
1.33691 0.386365 -1.59099
1.33789 0.364185 -1.56881
1.33887 0.380418 -1.58504
1.33984 0.419806 -1.62443
1.34082 0.392054 -1.59668
1.3418 0.269151 -1.47377
1.34277 0.347278 -1.5519
1.34375 0.405045 -1.60967
1.34473 0.349921 -1.55454
1.3457 0.398046 -1.60267
1.34668 0.402886 -1.60751
1.34766 0.388242 -1.59287
1.34863 0.40868 -1.6133
1.34961 0.361416 -1.56604
1.35059 0.379009 -1.58363
1.35156 0.340052 -1.54468
1.35254 0.371892 -1.57652
1.35352 0.388183 -1.59281
1.35449 0.0393908 -1.24401
1.35547 0.352535 -1.55716
1.35645 0.312433 -1.51706
1.35742 0.303141 -1.50777
1.3584 0.376807 -1.58143
1.35938 0.448886 -1.65351
1.36035 0.358577 -1.5632
1.36133 0.264771 -1.4694
1.3623 0.329204 -1.53383
1.36328 0.356262 -1.56089
1.36426 0.299435 -1.50406
1.36523 0.20442 -1.40904
1.36621 0.310036 -1.51466
1.36719 0.416122 -1.62075
1.36816 0.404622 -1.60925
1.36914 0.405105 -1.60973
1.37012 0.354952 -1.55958
1.37109 0.342695 -1.54732
1.37207 0.355618 -1.56024
1.37305 0.357855 -1.56248
1.37402 0.326835 -1.53146
1.375 0.288565 -1.49319
1.37598 0.343189 -1.54781
1.37695 0.412156 -1.61678
1.37793 0.359878 -1.5645
1.37891 0.333237 -1.53786
1.37988 0.39369 -1.59831
1.38086 0.418126 -1.62275
1.38184 0.403804 -1.60843
1.38281 0.387477 -1.5921
1.38379 0.374717 -1.57934
1.38477 0.383358 -1.58798
1.38574 0.408711 -1.61334
1.38672 0.443692 -1.64832
1.3877 0.40099 -1.60561
1.38867 0.351152 -1.55578
1.38965 0.389215 -1.59384
1.39062 0.302366 -1.50699
1.3916 0.395769 -1.60039
1.39258 0.406606 -1.61123
1.39355 0.338432 -1.54306
1.39453 0.447127 -1.65175
1.39551 0.407489 -1.61211
1.39648 0.42026 -1.62488
1.39746 0.42356 -1.62818
1.39844 0.469266 -1.67389
1.39941 0.430931 -1.63556
