-80 -15.9975
-79.968 -15.9655
-79.936 -15.9335
-79.904 -15.9015
-79.872 -15.8695
-79.84 -15.8375
-79.808 -15.8055
-79.776 -15.7735
-79.744 -15.7415
-79.712 -15.7095
-79.68 -15.6775
-79.648 -15.6455
-79.616 -15.6135
-79.584 -15.5816
-79.552 -15.5496
-79.52 -15.5176
-79.488 -15.4856
-79.456 -15.4536
-79.424 -15.4216
-79.392 -15.3896
-79.36 -15.3576
-79.328 -15.3256
-79.296 -15.2936
-79.264 -15.2616
-79.232 -15.2296
-79.2 -15.1976
-79.168 -15.1657
-79.136 -15.1337
-79.104 -15.1017
-79.072 -15.0697
-79.04 -15.0377
-79.008 -15.0057
-78.976 -14.9737
-78.944 -14.9417
-78.912 -14.9097
-78.88 -14.8777
-78.848 -14.8457
-78.816 -14.8137
-78.784 -14.7817
-78.752 -14.7497
-78.72 -14.7178
-78.688 -14.6858
-78.656 -14.6538
-78.624 -14.6218
-78.592 -14.5898
-78.56 -14.5578
-78.528 -14.5258
-78.496 -14.4938
-78.464 -14.4618
-78.432 -14.4298
-78.4 -14.3978
-78.368 -14.3658
-78.336 -14.3338
-78.304 -14.3018
-78.272 -14.2699
-78.24 -14.2379
-78.208 -14.2059
-78.176 -14.1739
-78.144 -14.1419
-78.112 -14.1099
-78.08 -14.0779
-78.048 -14.0459
-78.016 -14.0139
-77.984 -13.9819
-77.952 -13.9499
-77.92 -13.9179
-77.888 -13.8859
-77.856 -13.8539
-77.824 -13.8219
-77.792 -13.79
-77.76 -13.758
-77.728 -13.726
-77.696 -13.694
-77.664 -13.662
-77.632 -13.63
-77.6 -13.598
-77.568 -13.566
-77.536 -13.534
-77.504 -13.502
-77.472 -13.47
-77.44 -13.438
-77.408 -13.406
-77.376 -13.374
-77.344 -13.342
-77.312 -13.3101
-77.28 -13.2781
-77.248 -13.2461
-77.216 -13.2141
-77.184 -13.1821
-77.152 -13.1501
-77.12 -13.1181
-77.088 -13.0861
-77.056 -13.0541
-77.024 -13.0221
-76.992 -12.9901
-76.96 -12.9581
-76.928 -12.9261
-76.896 -12.8941
-76.864 -12.8621
-76.832 -12.8301
-76.8 -12.7981
-76.768 -12.7662
-76.736 -12.7342
-76.704 -12.7022
-76.672 -12.6702
-76.64 -12.6382
-76.608 -12.6062
-76.576 -12.5742
-76.544 -12.5422
-76.512 -12.5102
-76.48 -12.4782
-76.448 -12.4462
-76.416 -12.4142
-76.384 -12.3822
-76.352 -12.3502
-76.32 -12.3182
-76.288 -12.2862
-76.256 -12.2543
-76.224 -12.2223
-76.192 -12.1903
-76.16 -12.1583
-76.128 -12.1263
-76.096 -12.0943
-76.064 -12.0623
-76.032 -12.0303
-76 -11.9983
-75.968 -11.9663
-75.936 -11.9343
-75.904 -11.9023
-75.872 -11.8703
-75.84 -11.8383
-75.808 -11.8063
-75.776 -11.7743
-75.744 -11.7423
-75.712 -11.7104
-75.68 -11.6784
-75.648 -11.6464
-75.616 -11.6144
-75.584 -11.5824
-75.552 -11.5504
-75.52 -11.5184
-75.488 -11.4864
-75.456 -11.4544
-75.424 -11.4224
-75.392 -11.3904
-75.36 -11.3584
-75.328 -11.3264
-75.296 -11.2944
-75.264 -11.2624
-75.232 -11.2304
-75.2 -11.1984
-75.168 -11.1664
-75.136 -11.1345
-75.104 -11.1025
-75.072 -11.0705
-75.04 -11.0385
-75.008 -11.0065
-74.976 -10.9745
-74.944 -10.9425
-74.912 -10.9105
-74.88 -10.8785
-74.848 -10.8465
-74.816 -10.8145
-74.784 -10.7825
-74.752 -10.7505
-74.72 -10.7185
-74.688 -10.6865
-74.656 -10.6545
-74.624 -10.6225
-74.592 -10.5905
-74.56 -10.5585
-74.528 -10.5266
-74.496 -10.4946
-74.464 -10.4626
-74.432 -10.4306
-74.4 -10.3986
-74.368 -10.3666
-74.336 -10.3346
-74.304 -10.3026
-74.272 -10.2706
-74.24 -10.2386
-74.208 -10.2066
-74.176 -10.1746
-74.144 -10.1426
-74.112 -10.1106
-74.08 -10.0786
-74.048 -10.0466
-74.016 -10.0146
-73.984 -9.98264
-73.952 -9.95065
-73.92 -9.91865
-73.888 -9.88666
-73.856 -9.85466
-73.824 -9.82267
-73.792 -9.79067
-73.76 -9.75868
-73.728 -9.72668
-73.696 -9.69469
-73.664 -9.66269
-73.632 -9.6307
-73.6 -9.5987
-73.568 -9.56671
-73.536 -9.53471
-73.504 -9.50272
-73.472 -9.47072
-73.44 -9.43873
-73.408 -9.40673
-73.376 -9.37474
-73.344 -9.34274
-73.312 -9.31075
-73.28 -9.27875
-73.248 -9.24676
-73.216 -9.21476
-73.184 -9.18277
-73.152 -9.15077
-73.12 -9.11878
-73.088 -9.08678
-73.056 -9.05479
-73.024 -9.02279
-72.992 -8.9908
-72.96 -8.9588
-72.928 -8.92681
-72.896 -8.89481
-72.864 -8.86282
-72.832 -8.83082
-72.8 -8.79883
-72.768 -8.76683
-72.736 -8.73484
-72.704 -8.70284
-72.672 -8.67085
-72.64 -8.63885
-72.608 -8.60686
-72.576 -8.57486
-72.544 -8.54286
-72.512 -8.51087
-72.48 -8.47887
-72.448 -8.44688
-72.416 -8.41488
-72.384 -8.38289
-72.352 -8.35089
-72.32 -8.3189
-72.288 -8.2869
-72.256 -8.25491
-72.224 -8.22291
-72.192 -8.19092
-72.16 -8.15892
-72.128 -8.12693
-72.096 -8.09493
-72.064 -8.06294
-72.032 -8.03094
-72 -7.99895
-71.968 -7.96695
-71.936 -7.93495
-71.904 -7.90296
-71.872 -7.87096
-71.84 -7.83897
-71.808 -7.80697
-71.776 -7.77498
-71.744 -7.74298
-71.712 -7.71099
-71.68 -7.67899
-71.648 -7.647
-71.616 -7.615
-71.584 -7.58301
-71.552 -7.55101
-71.52 -7.51901
-71.488 -7.48702
-71.456 -7.45502
-71.424 -7.42303
-71.392 -7.39103
-71.36 -7.35904
-71.328 -7.32704
-71.296 -7.29505
-71.264 -7.26305
-71.232 -7.23106
-71.2 -7.19906
-71.168 -7.16707
-71.136 -7.13507
-71.104 -7.10307
-71.072 -7.07108
-71.04 -7.03908
-71.008 -7.00709
-70.976 -6.97509
-70.944 -6.9431
-70.912 -6.9111
-70.88 -6.87911
-70.848 -6.84711
-70.816 -6.81511
-70.784 -6.78312
-70.752 -6.75112
-70.72 -6.71913
-70.688 -6.68713
-70.656 -6.65514
-70.624 -6.62314
-70.592 -6.59115
-70.56 -6.55915
-70.528 -6.52715
-70.496 -6.49516
-70.464 -6.46316
-70.432 -6.43117
-70.4 -6.39917
-70.368 -6.36718
-70.336 -6.33518
-70.304 -6.30319
-70.272 -6.27119
-70.24 -6.23919
-70.208 -6.2072
-70.176 -6.1752
-70.144 -6.14321
-70.112 -6.11121
-70.08 -6.07922
-70.048 -6.04722
-70.016 -6.01523
-69.984 -5.98323
-69.952 -5.95123
-69.92 -5.91924
-69.888 -5.88724
-69.856 -5.85525
-69.824 -5.82325
-69.792 -5.79126
-69.76 -5.75926
-69.728 -5.72726
-69.696 -5.69527
-69.664 -5.66327
-69.632 -5.63128
-69.6 -5.59928
-69.568 -5.56729
-69.536 -5.53529
-69.504 -5.50329
-69.472 -5.4713
-69.44 -5.4393
-69.408 -5.40731
-69.376 -5.37531
-69.344 -5.34332
-69.312 -5.31132
-69.28 -5.27932
-69.248 -5.24733
-69.216 -5.21533
-69.184 -5.18334
-69.152 -5.15134
-69.12 -5.11935
-69.088 -5.08735
-69.056 -5.05535
-69.024 -5.02336
-68.992 -4.99136
-68.96 -4.95937
-68.928 -4.92737
-68.896 -4.89538
-68.864 -4.86338
-68.832 -4.83138
-68.8 -4.79939
-68.768 -4.76739
-68.736 -4.7354
-68.704 -4.7034
-68.672 -4.67141
-68.64 -4.63941
-68.608 -4.60741
-68.576 -4.57542
-68.544 -4.54342
-68.512 -4.51143
-68.48 -4.47943
-68.448 -4.44743
-68.416 -4.41544
-68.384 -4.38344
-68.352 -4.35145
-68.32 -4.31945
-68.288 -4.28746
-68.256 -4.25546
-68.224 -4.22346
-68.192 -4.19147
-68.16 -4.15947
-68.128 -4.12748
-68.096 -4.09548
-68.064 -4.06349
-68.032 -4.03149
-68 -3.99949
-67.968 -3.9675
-67.936 -3.9355
-67.904 -3.90351
-67.872 -3.87151
-67.84 -3.83951
-67.808 -3.80752
-67.776 -3.77552
-67.744 -3.74353
-67.712 -3.71153
-67.68 -3.67953
-67.648 -3.64754
-67.616 -3.61554
-67.584 -3.58355
-67.552 -3.55155
-67.52 -3.51956
-67.488 -3.48756
-67.456 -3.45556
-67.424 -3.42357
-67.392 -3.39157
-67.36 -3.35958
-67.328 -3.32758
-67.296 -3.29558
-67.264 -3.26359
-67.232 -3.23159
-67.2 -3.1996
-67.168 -3.1676
-67.136 -3.1356
-67.104 -3.10361
-67.072 -3.07161
-67.04 -3.03962
-67.008 -3.00762
-66.976 -2.97563
-66.944 -2.94363
-66.912 -2.91163
-66.88 -2.87964
-66.848 -2.84764
-66.816 -2.81565
-66.784 -2.78365
-66.752 -2.75165
-66.72 -2.71966
-66.688 -2.68766
-66.656 -2.65567
-66.624 -2.62367
-66.592 -2.59167
-66.56 -2.55968
-66.528 -2.52768
-66.496 -2.49569
-66.464 -2.46369
-66.432 -2.43169
-66.4 -2.3997
-66.368 -2.3677
-66.336 -2.33571
-66.304 -2.30371
-66.272 -2.27171
-66.24 -2.23972
-66.208 -2.20772
-66.176 -2.17573
-66.144 -2.14373
-66.112 -2.11174
-66.08 -2.07974
-66.048 -2.04774
-66.016 -2.01575
-65.984 -1.98375
-65.952 -1.95176
-65.92 -1.91976
-65.888 -1.88776
-65.856 -1.85577
-65.824 -1.82377
-65.792 -1.79178
-65.76 -1.75978
-65.728 -1.72778
-65.696 -1.69579
-65.664 -1.66379
-65.632 -1.6318
-65.6 -1.5998
-65.568 -1.5678
-65.536 -1.53581
-65.504 -1.50381
-65.472 -1.47182
-65.44 -1.43982
-65.408 -1.40782
-65.376 -1.37583
-65.344 -1.34383
-65.312 -1.31184
-65.28 -1.27984
-65.248 -1.24784
-65.216 -1.21585
-65.184 -1.18385
-65.152 -1.15186
-65.12 -1.11986
-65.088 -1.08786
-65.056 -1.05587
-65.024 -1.02387
-64.992 -0.991876
-64.96 -0.95988
-64.928 -0.927884
-64.896 -0.895888
-64.864 -0.863892
-64.832 -0.831896
-64.8 -0.7999
-64.768 -0.767904
-64.736 -0.735908
-64.704 -0.703912
-64.672 -0.671916
-64.64 -0.63992
-64.608 -0.607924
-64.576 -0.575928
-64.544 -0.543932
-64.512 -0.511936
-64.48 -0.47994
-64.448 -0.447944
-64.416 -0.415948
-64.384 -0.383952
-64.352 -0.351956
-64.32 -0.31996
-64.288 -0.287964
-64.256 -0.255968
-64.224 -0.223972
-64.192 -0.191976
-64.16 -0.15998
-64.128 -0.127984
-64.096 -0.095988
-64.064 -0.063992
-64.032 -0.031996
-64 9.48905e-14
-63.968 0.031996
-63.936 0.063992
-63.904 0.095988
-63.872 0.127984
-63.84 0.15998
-63.808 0.191976
-63.776 0.223972
-63.744 0.255968
-63.712 0.287964
-63.68 0.31996
-63.648 0.351956
-63.616 0.383952
-63.584 0.415948
-63.552 0.447944
-63.52 0.47994
-63.488 0.511936
-63.456 0.543932
-63.424 0.575928
-63.392 0.607924
-63.36 0.63992
-63.328 0.671916
-63.296 0.703912
-63.264 0.735908
-63.232 0.767904
-63.2 0.7999
-63.168 0.831896
-63.136 0.863892
-63.104 0.895888
-63.072 0.927884
-63.04 0.95988
-63.008 0.991876
-62.976 1.02387
-62.944 1.05587
-62.912 1.08786
-62.88 1.11986
-62.848 1.15186
-62.816 1.18385
-62.784 1.21585
-62.752 1.24784
-62.72 1.27984
-62.688 1.31184
-62.656 1.34383
-62.624 1.37583
-62.592 1.40782
-62.56 1.43982
-62.528 1.47182
-62.496 1.50381
-62.464 1.53581
-62.432 1.5678
-62.4 1.5998
-62.368 1.6318
-62.336 1.66379
-62.304 1.69579
-62.272 1.72778
-62.24 1.75978
-62.208 1.79178
-62.176 1.82377
-62.144 1.85577
-62.112 1.88776
-62.08 1.91976
-62.048 1.95176
-62.016 1.98375
-61.984 2.01575
-61.952 2.04774
-61.92 2.07974
-61.888 2.11174
-61.856 2.14373
-61.824 2.17573
-61.792 2.20772
-61.76 2.23972
-61.728 2.27171
-61.696 2.30371
-61.664 2.33571
-61.632 2.3677
-61.6 2.3997
-61.568 2.43169
-61.536 2.46369
-61.504 2.49569
-61.472 2.52768
-61.44 2.55968
-61.408 2.59167
-61.376 2.62367
-61.344 2.65567
-61.312 2.68766
-61.28 2.71966
-61.248 2.75165
-61.216 2.78365
-61.184 2.81565
-61.152 2.84764
-61.12 2.87964
-61.088 2.91163
-61.056 2.94363
-61.024 2.97563
-60.992 3.00762
-60.96 3.03962
-60.928 3.07161
-60.896 3.10361
-60.864 3.1356
-60.832 3.1676
-60.8 3.1996
-60.768 3.23159
-60.736 3.26359
-60.704 3.29558
-60.672 3.32758
-60.64 3.35958
-60.608 3.39157
-60.576 3.42357
-60.544 3.45556
-60.512 3.48756
-60.48 3.51956
-60.448 3.55155
-60.416 3.58355
-60.384 3.61554
-60.352 3.64754
-60.32 3.67953
-60.288 3.71153
-60.256 3.74353
-60.224 3.77552
-60.192 3.80752
-60.16 3.83951
-60.128 3.87151
-60.096 3.90351
-60.064 3.9355
-60.032 3.9675
-60 3.99949
-59.968 4.03149
-59.936 4.06349
-59.904 4.09548
-59.872 4.12748
-59.84 4.15947
-59.808 4.19147
-59.776 4.22346
-59.744 4.25546
-59.712 4.28746
-59.68 4.31945
-59.648 4.35145
-59.616 4.38344
-59.584 4.41544
-59.552 4.44743
-59.52 4.47943
-59.488 4.51143
-59.456 4.54342
-59.424 4.57542
-59.392 4.60741
-59.36 4.63941
-59.328 4.67141
-59.296 4.7034
-59.264 4.7354
-59.232 4.76739
-59.2 4.79939
-59.168 4.83138
-59.136 4.86338
-59.104 4.89538
-59.072 4.92737
-59.04 4.95937
-59.008 4.99136
-58.976 5.02336
-58.944 5.05535
-58.912 5.08735
-58.88 5.11935
-58.848 5.15134
-58.816 5.18334
-58.784 5.21533
-58.752 5.24733
-58.72 5.27932
-58.688 5.31132
-58.656 5.34332
-58.624 5.37531
-58.592 5.40731
-58.56 5.4393
-58.528 5.4713
-58.496 5.50329
-58.464 5.53529
-58.432 5.56729
-58.4 5.59928
-58.368 5.63128
-58.336 5.66327
-58.304 5.69527
-58.272 5.72726
-58.24 5.75926
-58.208 5.79126
-58.176 5.82325
-58.144 5.85525
-58.112 5.88724
-58.08 5.91924
-58.048 5.95123
-58.016 5.98323
-57.984 6.01523
-57.952 6.04722
-57.92 6.07922
-57.888 6.11121
-57.856 6.14321
-57.824 6.1752
-57.792 6.2072
-57.76 6.23919
-57.728 6.27119
-57.696 6.30319
-57.664 6.33518
-57.632 6.36718
-57.6 6.39917
-57.568 6.43117
-57.536 6.46316
-57.504 6.49516
-57.472 6.52715
-57.44 6.55915
-57.408 6.59115
-57.376 6.62314
-57.344 6.65514
-57.312 6.68713
-57.28 6.71913
-57.248 6.75112
-57.216 6.78312
-57.184 6.81511
-57.152 6.84711
-57.12 6.87911
-57.088 6.9111
-57.056 6.9431
-57.024 6.97509
-56.992 7.00709
-56.96 7.03908
-56.928 7.07108
-56.896 7.10307
-56.864 7.13507
-56.832 7.16707
-56.8 7.19906
-56.768 7.23106
-56.736 7.26305
-56.704 7.29505
-56.672 7.32704
-56.64 7.35904
-56.608 7.39103
-56.576 7.42303
-56.544 7.45502
-56.512 7.48702
-56.48 7.51901
-56.448 7.55101
-56.416 7.58301
-56.384 7.615
-56.352 7.647
-56.32 7.67899
-56.288 7.71099
-56.256 7.74298
-56.224 7.77498
-56.192 7.80697
-56.16 7.83897
-56.128 7.87096
-56.096 7.90296
-56.064 7.93495
-56.032 7.96695
-56 7.99895
-55.968 8.03094
-55.936 8.06294
-55.904 8.09493
-55.872 8.12693
-55.84 8.15892
-55.808 8.19092
-55.776 8.22291
-55.744 8.25491
-55.712 8.2869
-55.68 8.3189
-55.648 8.35089
-55.616 8.38289
-55.584 8.41488
-55.552 8.44688
-55.52 8.47887
-55.488 8.51087
-55.456 8.54286
-55.424 8.57486
-55.392 8.60686
-55.36 8.63885
-55.328 8.67085
-55.296 8.70284
-55.264 8.73484
-55.232 8.76683
-55.2 8.79883
-55.168 8.83082
-55.136 8.86282
-55.104 8.89481
-55.072 8.92681
-55.04 8.9588
-55.008 8.9908
-54.976 9.02279
-54.944 9.05479
-54.912 9.08678
-54.88 9.11878
-54.848 9.15077
-54.816 9.18277
-54.784 9.21476
-54.752 9.24676
-54.72 9.27875
-54.688 9.31075
-54.656 9.34274
-54.624 9.37474
-54.592 9.40673
-54.56 9.43873
-54.528 9.47072
-54.496 9.50272
-54.464 9.53471
-54.432 9.56671
-54.4 9.5987
-54.368 9.6307
-54.336 9.66269
-54.304 9.69469
-54.272 9.72668
-54.24 9.75868
-54.208 9.79067
-54.176 9.82267
-54.144 9.85466
-54.112 9.88666
-54.08 9.91865
-54.048 9.95065
-54.016 9.98264
-53.984 10.0146
-53.952 10.0466
-53.92 10.0786
-53.888 10.1106
-53.856 10.1426
-53.824 10.1746
-53.792 10.2066
-53.76 10.2386
-53.728 10.2706
-53.696 10.3026
-53.664 10.3346
-53.632 10.3666
-53.6 10.3986
-53.568 10.4306
-53.536 10.4626
-53.504 10.4946
-53.472 10.5266
-53.44 10.5585
-53.408 10.5905
-53.376 10.6225
-53.344 10.6545
-53.312 10.6865
-53.28 10.7185
-53.248 10.7505
-53.216 10.7825
-53.184 10.8145
-53.152 10.8465
-53.12 10.8785
-53.088 10.9105
-53.056 10.9425
-53.024 10.9745
-52.992 11.0065
-52.96 11.0385
-52.928 11.0705
-52.896 11.1025
-52.864 11.1345
-52.832 11.1664
-52.8 11.1984
-52.768 11.2304
-52.736 11.2624
-52.704 11.2944
-52.672 11.3264
-52.64 11.3584
-52.608 11.3904
-52.576 11.4224
-52.544 11.4544
-52.512 11.4864
-52.48 11.5184
-52.448 11.5504
-52.416 11.5824
-52.384 11.6144
-52.352 11.6464
-52.32 11.6784
-52.288 11.7104
-52.256 11.7423
-52.224 11.7743
-52.192 11.8063
-52.16 11.8383
-52.128 11.8703
-52.096 11.9023
-52.064 11.9343
-52.032 11.9663
-52 11.9983
-51.968 12.0303
-51.936 12.0623
-51.904 12.0943
-51.872 12.1263
-51.84 12.1583
-51.808 12.1903
-51.776 12.2223
-51.744 12.2543
-51.712 12.2862
-51.68 12.3182
-51.648 12.3502
-51.616 12.3822
-51.584 12.4142
-51.552 12.4462
-51.52 12.4782
-51.488 12.5102
-51.456 12.5422
-51.424 12.5742
-51.392 12.6062
-51.36 12.6382
-51.328 12.6702
-51.296 12.7022
-51.264 12.7342
-51.232 12.7662
-51.2 12.7981
-51.168 12.8301
-51.136 12.8621
-51.104 12.8941
-51.072 12.9261
-51.04 12.9581
-51.008 12.9901
-50.976 13.0221
-50.944 13.0541
-50.912 13.0861
-50.88 13.1181
-50.848 13.1501
-50.816 13.1821
-50.784 13.2141
-50.752 13.2461
-50.72 13.2781
-50.688 13.3101
-50.656 13.342
-50.624 13.374
-50.592 13.406
-50.56 13.438
-50.528 13.47
-50.496 13.502
-50.464 13.534
-50.432 13.566
-50.4 13.598
-50.368 13.63
-50.336 13.662
-50.304 13.694
-50.272 13.726
-50.24 13.758
-50.208 13.79
-50.176 13.8219
-50.144 13.8539
-50.112 13.8859
-50.08 13.9179
-50.048 13.9499
-50.016 13.9819
-49.984 14.0139
-49.952 14.0459
-49.92 14.0779
-49.888 14.1099
-49.856 14.1419
-49.824 14.1739
-49.792 14.2059
-49.76 14.2379
-49.728 14.2699
-49.696 14.3018
-49.664 14.3338
-49.632 14.3658
-49.6 14.3978
-49.568 14.4298
-49.536 14.4618
-49.504 14.4938
-49.472 14.5258
-49.44 14.5578
-49.408 14.5898
-49.376 14.6218
-49.344 14.6538
-49.312 14.6858
-49.28 14.7178
-49.248 14.7497
-49.216 14.7817
-49.184 14.8137
-49.152 14.8457
-49.12 14.8777
-49.088 14.9097
-49.056 14.9417
-49.024 14.9737
-48.992 15.0057
-48.96 15.0377
-48.928 15.0697
-48.896 15.1017
-48.864 15.1337
-48.832 15.1657
-48.8 15.1976
-48.768 15.2296
-48.736 15.2616
-48.704 15.2936
-48.672 15.3256
-48.64 15.3576
-48.608 15.3896
-48.576 15.4216
-48.544 15.4536
-48.512 15.4856
-48.48 15.5176
-48.448 15.5496
-48.416 15.5816
-48.384 15.6135
-48.352 15.6455
-48.32 15.6775
-48.288 15.7095
-48.256 15.7415
-48.224 15.7735
-48.192 15.8055
-48.16 15.8375
-48.128 15.8695
-48.096 15.9015
-48.064 15.9335
-48.032 15.9655
-48 15.9975
-47.968 16.0294
-47.936 16.0614
-47.904 16.0934
-47.872 16.1254
-47.84 16.1574
-47.808 16.1894
-47.776 16.2214
-47.744 16.2534
-47.712 16.2854
-47.68 16.3174
-47.648 16.3494
-47.616 16.3814
-47.584 16.4133
-47.552 16.4453
-47.52 16.4773
-47.488 16.5093
-47.456 16.5413
-47.424 16.5733
-47.392 16.6053
-47.36 16.6373
-47.328 16.6693
-47.296 16.7013
-47.264 16.7333
-47.232 16.7653
-47.2 16.7972
-47.168 16.8292
-47.136 16.8612
-47.104 16.8932
-47.072 16.9252
-47.04 16.9572
-47.008 16.9892
-46.976 17.0212
-46.944 17.0532
-46.912 17.0852
-46.88 17.1172
-46.848 17.1491
-46.816 17.1811
-46.784 17.2131
-46.752 17.2451
-46.72 17.2771
-46.688 17.3091
-46.656 17.3411
-46.624 17.3731
-46.592 17.4051
-46.56 17.4371
-46.528 17.4691
-46.496 17.501
-46.464 17.533
-46.432 17.565
-46.4 17.597
-46.368 17.629
-46.336 17.661
-46.304 17.693
-46.272 17.725
-46.24 17.757
-46.208 17.789
-46.176 17.821
-46.144 17.8529
-46.112 17.8849
-46.08 17.9169
-46.048 17.9489
-46.016 17.9809
-45.984 18.0129
-45.952 18.0449
-45.92 18.0769
-45.888 18.1089
-45.856 18.1409
-45.824 18.1728
-45.792 18.2048
-45.76 18.2368
-45.728 18.2688
-45.696 18.3008
-45.664 18.3328
-45.632 18.3648
-45.6 18.3968
-45.568 18.4288
-45.536 18.4607
-45.504 18.4927
-45.472 18.5247
-45.44 18.5567
-45.408 18.5887
-45.376 18.6207
-45.344 18.6527
-45.312 18.6847
-45.28 18.7167
-45.248 18.7487
-45.216 18.7806
-45.184 18.8126
-45.152 18.8446
-45.12 18.8766
-45.088 18.9086
-45.056 18.9406
-45.024 18.9726
-44.992 19.0046
-44.96 19.0366
-44.928 19.0685
-44.896 19.1005
-44.864 19.1325
-44.832 19.1645
-44.8 19.1965
-44.768 19.2285
-44.736 19.2605
-44.704 19.2925
-44.672 19.3244
-44.64 19.3564
-44.608 19.3884
-44.576 19.4204
-44.544 19.4524
-44.512 19.4844
-44.48 19.5164
-44.448 19.5484
-44.416 19.5804
-44.384 19.6123
-44.352 19.6443
-44.32 19.6763
-44.288 19.7083
-44.256 19.7403
-44.224 19.7723
-44.192 19.8043
-44.16 19.8363
-44.128 19.8682
-44.096 19.9002
-44.064 19.9322
-44.032 19.9642
-44 19.9962
-43.968 20.0282
-43.936 20.0602
-43.904 20.0921
-43.872 20.1241
-43.84 20.1561
-43.808 20.1881
-43.776 20.2201
-43.744 20.2521
-43.712 20.2841
-43.68 20.3161
-43.648 20.348
-43.616 20.38
-43.584 20.412
-43.552 20.444
-43.52 20.476
-43.488 20.508
-43.456 20.54
-43.424 20.5719
-43.392 20.6039
-43.36 20.6359
-43.328 20.6679
-43.296 20.6999
-43.264 20.7319
-43.232 20.7639
-43.2 20.7958
-43.168 20.8278
-43.136 20.8598
-43.104 20.8918
-43.072 20.9238
-43.04 20.9558
-43.008 20.9878
-42.976 21.0197
-42.944 21.0517
-42.912 21.0837
-42.88 21.1157
-42.848 21.1477
-42.816 21.1797
-42.784 21.2116
-42.752 21.2436
-42.72 21.2756
-42.688 21.3076
-42.656 21.3396
-42.624 21.3716
-42.592 21.4036
-42.56 21.4355
-42.528 21.4675
-42.496 21.4995
-42.464 21.5315
-42.432 21.5635
-42.4 21.5955
-42.368 21.6274
-42.336 21.6594
-42.304 21.6914
-42.272 21.7234
-42.24 21.7554
-42.208 21.7874
-42.176 21.8193
-42.144 21.8513
-42.112 21.8833
-42.08 21.9153
-42.048 21.9473
-42.016 21.9792
-41.984 22.0112
-41.952 22.0432
-41.92 22.0752
-41.888 22.1072
-41.856 22.1392
-41.824 22.1711
-41.792 22.2031
-41.76 22.2351
-41.728 22.2671
-41.696 22.2991
-41.664 22.331
-41.632 22.363
-41.6 22.395
-41.568 22.427
-41.536 22.459
-41.504 22.4909
-41.472 22.5229
-41.44 22.5549
-41.408 22.5869
-41.376 22.6189
-41.344 22.6508
-41.312 22.6828
-41.28 22.7148
-41.248 22.7468
-41.216 22.7788
-41.184 22.8107
-41.152 22.8427
-41.12 22.8747
-41.088 22.9067
-41.056 22.9387
-41.024 22.9706
-40.992 23.0026
-40.96 23.0346
-40.928 23.0666
-40.896 23.0985
-40.864 23.1305
-40.832 23.1625
-40.8 23.1945
-40.768 23.2265
-40.736 23.2584
-40.704 23.2904
-40.672 23.3224
-40.64 23.3544
-40.608 23.3863
-40.576 23.4183
-40.544 23.4503
-40.512 23.4823
-40.48 23.5142
-40.448 23.5462
-40.416 23.5782
-40.384 23.6102
-40.352 23.6421
-40.32 23.6741
-40.288 23.7061
-40.256 23.7381
-40.224 23.77
-40.192 23.802
-40.16 23.834
-40.128 23.866
-40.096 23.8979
-40.064 23.9299
-40.032 23.9619
-40 23.9939
-39.968 24.0258
-39.936 24.0578
-39.904 24.0898
-39.872 24.1217
-39.84 24.1537
-39.808 24.1857
-39.776 24.2177
-39.744 24.2496
-39.712 24.2816
-39.68 24.3136
-39.648 24.3455
-39.616 24.3775
-39.584 24.4095
-39.552 24.4414
-39.52 24.4734
-39.488 24.5054
-39.456 24.5374
-39.424 24.5693
-39.392 24.6013
-39.36 24.6333
-39.328 24.6652
-39.296 24.6972
-39.264 24.7292
-39.232 24.7611
-39.2 24.7931
-39.168 24.8251
-39.136 24.857
-39.104 24.889
-39.072 24.921
-39.04 24.9529
-39.008 24.9849
-38.976 25.0169
-38.944 25.0488
-38.912 25.0808
-38.88 25.1127
-38.848 25.1447
-38.816 25.1767
-38.784 25.2086
-38.752 25.2406
-38.72 25.2726
-38.688 25.3045
-38.656 25.3365
-38.624 25.3684
-38.592 25.4004
-38.56 25.4324
-38.528 25.4643
-38.496 25.4963
-38.464 25.5282
-38.432 25.5602
-38.4 25.5922
-38.368 25.6241
-38.336 25.6561
-38.304 25.688
-38.272 25.72
-38.24 25.7519
-38.208 25.7839
-38.176 25.8159
-38.144 25.8478
-38.112 25.8798
-38.08 25.9117
-38.048 25.9437
-38.016 25.9756
-37.984 26.0076
-37.952 26.0395
-37.92 26.0715
-37.888 26.1034
-37.856 26.1354
-37.824 26.1673
-37.792 26.1993
-37.76 26.2312
-37.728 26.2632
-37.696 26.2951
-37.664 26.3271
-37.632 26.359
-37.6 26.391
-37.568 26.4229
-37.536 26.4549
-37.504 26.4868
-37.472 26.5187
-37.44 26.5507
-37.408 26.5826
-37.376 26.6146
-37.344 26.6465
-37.312 26.6785
-37.28 26.7104
-37.248 26.7423
-37.216 26.7743
-37.184 26.8062
-37.152 26.8381
-37.12 26.8701
-37.088 26.902
-37.056 26.934
-37.024 26.9659
-36.992 26.9978
-36.96 27.0297
-36.928 27.0617
-36.896 27.0936
-36.864 27.1255
-36.832 27.1575
-36.8 27.1894
-36.768 27.2213
-36.736 27.2532
-36.704 27.2852
-36.672 27.3171
-36.64 27.349
-36.608 27.3809
-36.576 27.4129
-36.544 27.4448
-36.512 27.4767
-36.48 27.5086
-36.448 27.5405
-36.416 27.5724
-36.384 27.6044
-36.352 27.6363
-36.32 27.6682
-36.288 27.7001
-36.256 27.732
-36.224 27.7639
-36.192 27.7958
-36.16 27.8277
-36.128 27.8596
-36.096 27.8915
-36.064 27.9234
-36.032 27.9553
-36 27.9872
-35.968 28.0191
-35.936 28.051
-35.904 28.0829
-35.872 28.1148
-35.84 28.1467
-35.808 28.1785
-35.776 28.2104
-35.744 28.2423
-35.712 28.2742
-35.68 28.3061
-35.648 28.3379
-35.616 28.3698
-35.584 28.4017
-35.552 28.4335
-35.52 28.4654
-35.488 28.4973
-35.456 28.5291
-35.424 28.561
-35.392 28.5928
-35.36 28.6247
-35.328 28.6566
-35.296 28.6884
-35.264 28.7202
-35.232 28.7521
-35.2 28.7839
-35.168 28.8158
-35.136 28.8476
-35.104 28.8794
-35.072 28.9112
-35.04 28.9431
-35.008 28.9749
-34.976 29.0067
-34.944 29.0385
-34.912 29.0703
-34.88 29.1021
-34.848 29.1339
-34.816 29.1657
-34.784 29.1975
-34.752 29.2293
-34.72 29.261
-34.688 29.2928
-34.656 29.3246
-34.624 29.3563
-34.592 29.3881
-34.56 29.4198
-34.528 29.4516
-34.496 29.4833
-34.464 29.515
-34.432 29.5468
-34.4 29.5785
-34.368 29.6102
-34.336 29.6419
-34.304 29.6736
-34.272 29.7053
-34.24 29.7369
-34.208 29.7686
-34.176 29.8003
-34.144 29.8319
-34.112 29.8635
-34.08 29.8951
-34.048 29.9268
-34.016 29.9584
-33.984 29.9899
-33.952 30.0215
-33.92 30.0531
-33.888 30.0846
-33.856 30.1161
-33.824 30.1476
-33.792 30.1791
-33.76 30.2106
-33.728 30.2421
-33.696 30.2735
-33.664 30.3049
-33.632 30.3363
-33.6 30.3676
-33.568 30.399
-33.536 30.4303
-33.504 30.4616
-33.472 30.4928
-33.44 30.524
-33.408 30.5552
-33.376 30.5864
-33.344 30.6175
-33.312 30.6485
-33.28 30.6795
-33.248 30.7105
-33.216 30.7414
-33.184 30.7722
-33.152 30.803
-33.12 30.8337
-33.088 30.8644
-33.056 30.8949
-33.024 30.9254
-32.992 30.9557
-32.96 30.986
-32.928 31.0161
-32.896 31.0461
-32.864 31.076
-32.832 31.1057
-32.8 31.1352
-32.768 31.1645
-32.736 31.1935
-32.704 31.2223
-32.672 31.2508
-32.64 31.279
-32.608 31.3067
-32.576 31.334
-32.544 31.3607
-32.512 31.3867
-32.48 31.412
-32.448 31.4362
-32.416 31.4593
-32.384 31.4809
-32.352 31.5007
-32.32 31.5179
-32.288 31.5319
-32.256 31.5414
-32.224 31.5445
-32.192 31.5379
-32.16 31.5159
-32.128 31.467
-32.096 31.3644
-32.064 31.128
-32.032 30.3661
-32 4.22757e-08
-31.968 -30.3661
-31.936 -31.128
-31.904 -31.3644
-31.872 -31.467
-31.84 -31.5159
-31.808 -31.5379
-31.776 -31.5445
-31.744 -31.5414
-31.712 -31.5319
-31.68 -31.5179
-31.648 -31.5007
-31.616 -31.4809
-31.584 -31.4593
-31.552 -31.4362
-31.52 -31.412
-31.488 -31.3867
-31.456 -31.3607
-31.424 -31.334
-31.392 -31.3067
-31.36 -31.279
-31.328 -31.2508
-31.296 -31.2223
-31.264 -31.1935
-31.232 -31.1645
-31.2 -31.1352
-31.168 -31.1057
-31.136 -31.076
-31.104 -31.0461
-31.072 -31.0161
-31.04 -30.986
-31.008 -30.9557
-30.976 -30.9254
-30.944 -30.8949
-30.912 -30.8644
-30.88 -30.8337
-30.848 -30.803
-30.816 -30.7722
-30.784 -30.7414
-30.752 -30.7105
-30.72 -30.6795
-30.688 -30.6485
-30.656 -30.6175
-30.624 -30.5864
-30.592 -30.5552
-30.56 -30.524
-30.528 -30.4928
-30.496 -30.4616
-30.464 -30.4303
-30.432 -30.399
-30.4 -30.3676
-30.368 -30.3363
-30.336 -30.3049
-30.304 -30.2735
-30.272 -30.2421
-30.24 -30.2106
-30.208 -30.1791
-30.176 -30.1476
-30.144 -30.1161
-30.112 -30.0846
-30.08 -30.0531
-30.048 -30.0215
-30.016 -29.9899
-29.984 -29.9584
-29.952 -29.9268
-29.92 -29.8951
-29.888 -29.8635
-29.856 -29.8319
-29.824 -29.8003
-29.792 -29.7686
-29.76 -29.7369
-29.728 -29.7053
-29.696 -29.6736
-29.664 -29.6419
-29.632 -29.6102
-29.6 -29.5785
-29.568 -29.5468
-29.536 -29.515
-29.504 -29.4833
-29.472 -29.4516
-29.44 -29.4198
-29.408 -29.3881
-29.376 -29.3563
-29.344 -29.3246
-29.312 -29.2928
-29.28 -29.261
-29.248 -29.2293
-29.216 -29.1975
-29.184 -29.1657
-29.152 -29.1339
-29.12 -29.1021
-29.088 -29.0703
-29.056 -29.0385
-29.024 -29.0067
-28.992 -28.9749
-28.96 -28.9431
-28.928 -28.9112
-28.896 -28.8794
-28.864 -28.8476
-28.832 -28.8158
-28.8 -28.7839
-28.768 -28.7521
-28.736 -28.7202
-28.704 -28.6884
-28.672 -28.6566
-28.64 -28.6247
-28.608 -28.5928
-28.576 -28.561
-28.544 -28.5291
-28.512 -28.4973
-28.48 -28.4654
-28.448 -28.4335
-28.416 -28.4017
-28.384 -28.3698
-28.352 -28.3379
-28.32 -28.3061
-28.288 -28.2742
-28.256 -28.2423
-28.224 -28.2104
-28.192 -28.1785
-28.16 -28.1467
-28.128 -28.1148
-28.096 -28.0829
-28.064 -28.051
-28.032 -28.0191
-28 -27.9872
-27.968 -27.9553
-27.936 -27.9234
-27.904 -27.8915
-27.872 -27.8596
-27.84 -27.8277
-27.808 -27.7958
-27.776 -27.7639
-27.744 -27.732
-27.712 -27.7001
-27.68 -27.6682
-27.648 -27.6363
-27.616 -27.6044
-27.584 -27.5724
-27.552 -27.5405
-27.52 -27.5086
-27.488 -27.4767
-27.456 -27.4448
-27.424 -27.4129
-27.392 -27.3809
-27.36 -27.349
-27.328 -27.3171
-27.296 -27.2852
-27.264 -27.2532
-27.232 -27.2213
-27.2 -27.1894
-27.168 -27.1575
-27.136 -27.1255
-27.104 -27.0936
-27.072 -27.0617
-27.04 -27.0297
-27.008 -26.9978
-26.976 -26.9659
-26.944 -26.934
-26.912 -26.902
-26.88 -26.8701
-26.848 -26.8381
-26.816 -26.8062
-26.784 -26.7743
-26.752 -26.7423
-26.72 -26.7104
-26.688 -26.6785
-26.656 -26.6465
-26.624 -26.6146
-26.592 -26.5826
-26.56 -26.5507
-26.528 -26.5187
-26.496 -26.4868
-26.464 -26.4549
-26.432 -26.4229
-26.4 -26.391
-26.368 -26.359
-26.336 -26.3271
-26.304 -26.2951
-26.272 -26.2632
-26.24 -26.2312
-26.208 -26.1993
-26.176 -26.1673
-26.144 -26.1354
-26.112 -26.1034
-26.08 -26.0715
-26.048 -26.0395
-26.016 -26.0076
-25.984 -25.9756
-25.952 -25.9437
-25.92 -25.9117
-25.888 -25.8798
-25.856 -25.8478
-25.824 -25.8159
-25.792 -25.7839
-25.76 -25.7519
-25.728 -25.72
-25.696 -25.688
-25.664 -25.6561
-25.632 -25.6241
-25.6 -25.5922
-25.568 -25.5602
-25.536 -25.5282
-25.504 -25.4963
-25.472 -25.4643
-25.44 -25.4324
-25.408 -25.4004
-25.376 -25.3684
-25.344 -25.3365
-25.312 -25.3045
-25.28 -25.2726
-25.248 -25.2406
-25.216 -25.2086
-25.184 -25.1767
-25.152 -25.1447
-25.12 -25.1127
-25.088 -25.0808
-25.056 -25.0488
-25.024 -25.0169
-24.992 -24.9849
-24.96 -24.9529
-24.928 -24.921
-24.896 -24.889
-24.864 -24.857
-24.832 -24.8251
-24.8 -24.7931
-24.768 -24.7611
-24.736 -24.7292
-24.704 -24.6972
-24.672 -24.6652
-24.64 -24.6333
-24.608 -24.6013
-24.576 -24.5693
-24.544 -24.5374
-24.512 -24.5054
-24.48 -24.4734
-24.448 -24.4414
-24.416 -24.4095
-24.384 -24.3775
-24.352 -24.3455
-24.32 -24.3136
-24.288 -24.2816
-24.256 -24.2496
-24.224 -24.2177
-24.192 -24.1857
-24.16 -24.1537
-24.128 -24.1217
-24.096 -24.0898
-24.064 -24.0578
-24.032 -24.0258
-24 -23.9939
-23.968 -23.9619
-23.936 -23.9299
-23.904 -23.8979
-23.872 -23.866
-23.84 -23.834
-23.808 -23.802
-23.776 -23.77
-23.744 -23.7381
-23.712 -23.7061
-23.68 -23.6741
-23.648 -23.6421
-23.616 -23.6102
-23.584 -23.5782
-23.552 -23.5462
-23.52 -23.5142
-23.488 -23.4823
-23.456 -23.4503
-23.424 -23.4183
-23.392 -23.3863
-23.36 -23.3544
-23.328 -23.3224
-23.296 -23.2904
-23.264 -23.2584
-23.232 -23.2265
-23.2 -23.1945
-23.168 -23.1625
-23.136 -23.1305
-23.104 -23.0985
-23.072 -23.0666
-23.04 -23.0346
-23.008 -23.0026
-22.976 -22.9706
-22.944 -22.9387
-22.912 -22.9067
-22.88 -22.8747
-22.848 -22.8427
-22.816 -22.8107
-22.784 -22.7788
-22.752 -22.7468
-22.72 -22.7148
-22.688 -22.6828
-22.656 -22.6508
-22.624 -22.6189
-22.592 -22.5869
-22.56 -22.5549
-22.528 -22.5229
-22.496 -22.4909
-22.464 -22.459
-22.432 -22.427
-22.4 -22.395
-22.368 -22.363
-22.336 -22.331
-22.304 -22.2991
-22.272 -22.2671
-22.24 -22.2351
-22.208 -22.2031
-22.176 -22.1711
-22.144 -22.1392
-22.112 -22.1072
-22.08 -22.0752
-22.048 -22.0432
-22.016 -22.0112
-21.984 -21.9792
-21.952 -21.9473
-21.92 -21.9153
-21.888 -21.8833
-21.856 -21.8513
-21.824 -21.8193
-21.792 -21.7874
-21.76 -21.7554
-21.728 -21.7234
-21.696 -21.6914
-21.664 -21.6594
-21.632 -21.6274
-21.6 -21.5955
-21.568 -21.5635
-21.536 -21.5315
-21.504 -21.4995
-21.472 -21.4675
-21.44 -21.4355
-21.408 -21.4036
-21.376 -21.3716
-21.344 -21.3396
-21.312 -21.3076
-21.28 -21.2756
-21.248 -21.2436
-21.216 -21.2116
-21.184 -21.1797
-21.152 -21.1477
-21.12 -21.1157
-21.088 -21.0837
-21.056 -21.0517
-21.024 -21.0197
-20.992 -20.9878
-20.96 -20.9558
-20.928 -20.9238
-20.896 -20.8918
-20.864 -20.8598
-20.832 -20.8278
-20.8 -20.7958
-20.768 -20.7639
-20.736 -20.7319
-20.704 -20.6999
-20.672 -20.6679
-20.64 -20.6359
-20.608 -20.6039
-20.576 -20.5719
-20.544 -20.54
-20.512 -20.508
-20.48 -20.476
-20.448 -20.444
-20.416 -20.412
-20.384 -20.38
-20.352 -20.348
-20.32 -20.3161
-20.288 -20.2841
-20.256 -20.2521
-20.224 -20.2201
-20.192 -20.1881
-20.16 -20.1561
-20.128 -20.1241
-20.096 -20.0921
-20.064 -20.0602
-20.032 -20.0282
-20 -19.9962
-19.968 -19.9642
-19.936 -19.9322
-19.904 -19.9002
-19.872 -19.8682
-19.84 -19.8363
-19.808 -19.8043
-19.776 -19.7723
-19.744 -19.7403
-19.712 -19.7083
-19.68 -19.6763
-19.648 -19.6443
-19.616 -19.6123
-19.584 -19.5804
-19.552 -19.5484
-19.52 -19.5164
-19.488 -19.4844
-19.456 -19.4524
-19.424 -19.4204
-19.392 -19.3884
-19.36 -19.3564
-19.328 -19.3244
-19.296 -19.2925
-19.264 -19.2605
-19.232 -19.2285
-19.2 -19.1965
-19.168 -19.1645
-19.136 -19.1325
-19.104 -19.1005
-19.072 -19.0685
-19.04 -19.0366
-19.008 -19.0046
-18.976 -18.9726
-18.944 -18.9406
-18.912 -18.9086
-18.88 -18.8766
-18.848 -18.8446
-18.816 -18.8126
-18.784 -18.7806
-18.752 -18.7487
-18.72 -18.7167
-18.688 -18.6847
-18.656 -18.6527
-18.624 -18.6207
-18.592 -18.5887
-18.56 -18.5567
-18.528 -18.5247
-18.496 -18.4927
-18.464 -18.4607
-18.432 -18.4288
-18.4 -18.3968
-18.368 -18.3648
-18.336 -18.3328
-18.304 -18.3008
-18.272 -18.2688
-18.24 -18.2368
-18.208 -18.2048
-18.176 -18.1728
-18.144 -18.1409
-18.112 -18.1089
-18.08 -18.0769
-18.048 -18.0449
-18.016 -18.0129
-17.984 -17.9809
-17.952 -17.9489
-17.92 -17.9169
-17.888 -17.8849
-17.856 -17.8529
-17.824 -17.821
-17.792 -17.789
-17.76 -17.757
-17.728 -17.725
-17.696 -17.693
-17.664 -17.661
-17.632 -17.629
-17.6 -17.597
-17.568 -17.565
-17.536 -17.533
-17.504 -17.501
-17.472 -17.4691
-17.44 -17.4371
-17.408 -17.4051
-17.376 -17.3731
-17.344 -17.3411
-17.312 -17.3091
-17.28 -17.2771
-17.248 -17.2451
-17.216 -17.2131
-17.184 -17.1811
-17.152 -17.1491
-17.12 -17.1172
-17.088 -17.0852
-17.056 -17.0532
-17.024 -17.0212
-16.992 -16.9892
-16.96 -16.9572
-16.928 -16.9252
-16.896 -16.8932
-16.864 -16.8612
-16.832 -16.8292
-16.8 -16.7972
-16.768 -16.7653
-16.736 -16.7333
-16.704 -16.7013
-16.672 -16.6693
-16.64 -16.6373
-16.608 -16.6053
-16.576 -16.5733
-16.544 -16.5413
-16.512 -16.5093
-16.48 -16.4773
-16.448 -16.4453
-16.416 -16.4133
-16.384 -16.3814
-16.352 -16.3494
-16.32 -16.3174
-16.288 -16.2854
-16.256 -16.2534
-16.224 -16.2214
-16.192 -16.1894
-16.16 -16.1574
-16.128 -16.1254
-16.096 -16.0934
-16.064 -16.0614
-16.032 -16.0294
-16 -15.9975
-15.968 -15.9655
-15.936 -15.9335
-15.904 -15.9015
-15.872 -15.8695
-15.84 -15.8375
-15.808 -15.8055
-15.776 -15.7735
-15.744 -15.7415
-15.712 -15.7095
-15.68 -15.6775
-15.648 -15.6455
-15.616 -15.6135
-15.584 -15.5816
-15.552 -15.5496
-15.52 -15.5176
-15.488 -15.4856
-15.456 -15.4536
-15.424 -15.4216
-15.392 -15.3896
-15.36 -15.3576
-15.328 -15.3256
-15.296 -15.2936
-15.264 -15.2616
-15.232 -15.2296
-15.2 -15.1976
-15.168 -15.1657
-15.136 -15.1337
-15.104 -15.1017
-15.072 -15.0697
-15.04 -15.0377
-15.008 -15.0057
-14.976 -14.9737
-14.944 -14.9417
-14.912 -14.9097
-14.88 -14.8777
-14.848 -14.8457
-14.816 -14.8137
-14.784 -14.7817
-14.752 -14.7497
-14.72 -14.7178
-14.688 -14.6858
-14.656 -14.6538
-14.624 -14.6218
-14.592 -14.5898
-14.56 -14.5578
-14.528 -14.5258
-14.496 -14.4938
-14.464 -14.4618
-14.432 -14.4298
-14.4 -14.3978
-14.368 -14.3658
-14.336 -14.3338
-14.304 -14.3018
-14.272 -14.2699
-14.24 -14.2379
-14.208 -14.2059
-14.176 -14.1739
-14.144 -14.1419
-14.112 -14.1099
-14.08 -14.0779
-14.048 -14.0459
-14.016 -14.0139
-13.984 -13.9819
-13.952 -13.9499
-13.92 -13.9179
-13.888 -13.8859
-13.856 -13.8539
-13.824 -13.8219
-13.792 -13.79
-13.76 -13.758
-13.728 -13.726
-13.696 -13.694
-13.664 -13.662
-13.632 -13.63
-13.6 -13.598
-13.568 -13.566
-13.536 -13.534
-13.504 -13.502
-13.472 -13.47
-13.44 -13.438
-13.408 -13.406
-13.376 -13.374
-13.344 -13.342
-13.312 -13.3101
-13.28 -13.2781
-13.248 -13.2461
-13.216 -13.2141
-13.184 -13.1821
-13.152 -13.1501
-13.12 -13.1181
-13.088 -13.0861
-13.056 -13.0541
-13.024 -13.0221
-12.992 -12.9901
-12.96 -12.9581
-12.928 -12.9261
-12.896 -12.8941
-12.864 -12.8621
-12.832 -12.8301
-12.8 -12.7981
-12.768 -12.7662
-12.736 -12.7342
-12.704 -12.7022
-12.672 -12.6702
-12.64 -12.6382
-12.608 -12.6062
-12.576 -12.5742
-12.544 -12.5422
-12.512 -12.5102
-12.48 -12.4782
-12.448 -12.4462
-12.416 -12.4142
-12.384 -12.3822
-12.352 -12.3502
-12.32 -12.3182
-12.288 -12.2862
-12.256 -12.2543
-12.224 -12.2223
-12.192 -12.1903
-12.16 -12.1583
-12.128 -12.1263
-12.096 -12.0943
-12.064 -12.0623
-12.032 -12.0303
-12 -11.9983
-11.968 -11.9663
-11.936 -11.9343
-11.904 -11.9023
-11.872 -11.8703
-11.84 -11.8383
-11.808 -11.8063
-11.776 -11.7743
-11.744 -11.7423
-11.712 -11.7104
-11.68 -11.6784
-11.648 -11.6464
-11.616 -11.6144
-11.584 -11.5824
-11.552 -11.5504
-11.52 -11.5184
-11.488 -11.4864
-11.456 -11.4544
-11.424 -11.4224
-11.392 -11.3904
-11.36 -11.3584
-11.328 -11.3264
-11.296 -11.2944
-11.264 -11.2624
-11.232 -11.2304
-11.2 -11.1984
-11.168 -11.1664
-11.136 -11.1345
-11.104 -11.1025
-11.072 -11.0705
-11.04 -11.0385
-11.008 -11.0065
-10.976 -10.9745
-10.944 -10.9425
-10.912 -10.9105
-10.88 -10.8785
-10.848 -10.8465
-10.816 -10.8145
-10.784 -10.7825
-10.752 -10.7505
-10.72 -10.7185
-10.688 -10.6865
-10.656 -10.6545
-10.624 -10.6225
-10.592 -10.5905
-10.56 -10.5585
-10.528 -10.5266
-10.496 -10.4946
-10.464 -10.4626
-10.432 -10.4306
-10.4 -10.3986
-10.368 -10.3666
-10.336 -10.3346
-10.304 -10.3026
-10.272 -10.2706
-10.24 -10.2386
-10.208 -10.2066
-10.176 -10.1746
-10.144 -10.1426
-10.112 -10.1106
-10.08 -10.0786
-10.048 -10.0466
-10.016 -10.0146
-9.984 -9.98264
-9.952 -9.95065
-9.92 -9.91865
-9.888 -9.88666
-9.856 -9.85466
-9.824 -9.82267
-9.792 -9.79067
-9.76 -9.75868
-9.728 -9.72668
-9.696 -9.69469
-9.664 -9.66269
-9.632 -9.6307
-9.6 -9.5987
-9.568 -9.56671
-9.536 -9.53471
-9.504 -9.50272
-9.472 -9.47072
-9.44 -9.43873
-9.408 -9.40673
-9.376 -9.37474
-9.344 -9.34274
-9.312 -9.31075
-9.28 -9.27875
-9.248 -9.24676
-9.216 -9.21476
-9.184 -9.18277
-9.152 -9.15077
-9.12 -9.11878
-9.088 -9.08678
-9.056 -9.05479
-9.024 -9.02279
-8.992 -8.9908
-8.96 -8.9588
-8.928 -8.92681
-8.896 -8.89481
-8.864 -8.86282
-8.832 -8.83082
-8.8 -8.79883
-8.768 -8.76683
-8.736 -8.73484
-8.704 -8.70284
-8.672 -8.67085
-8.64 -8.63885
-8.608 -8.60686
-8.576 -8.57486
-8.544 -8.54286
-8.512 -8.51087
-8.48 -8.47887
-8.448 -8.44688
-8.416 -8.41488
-8.384 -8.38289
-8.352 -8.35089
-8.32 -8.3189
-8.288 -8.2869
-8.256 -8.25491
-8.224 -8.22291
-8.192 -8.19092
-8.16 -8.15892
-8.128 -8.12693
-8.096 -8.09493
-8.064 -8.06294
-8.032 -8.03094
-8 -7.99895
-7.968 -7.96695
-7.936 -7.93495
-7.904 -7.90296
-7.872 -7.87096
-7.84 -7.83897
-7.808 -7.80697
-7.776 -7.77498
-7.744 -7.74298
-7.712 -7.71099
-7.68 -7.67899
-7.648 -7.647
-7.616 -7.615
-7.584 -7.58301
-7.552 -7.55101
-7.52 -7.51901
-7.488 -7.48702
-7.456 -7.45502
-7.424 -7.42303
-7.392 -7.39103
-7.36 -7.35904
-7.328 -7.32704
-7.296 -7.29505
-7.264 -7.26305
-7.232 -7.23106
-7.2 -7.19906
-7.168 -7.16707
-7.136 -7.13507
-7.104 -7.10307
-7.072 -7.07108
-7.04 -7.03908
-7.008 -7.00709
-6.976 -6.97509
-6.944 -6.9431
-6.912 -6.9111
-6.88 -6.87911
-6.848 -6.84711
-6.816 -6.81511
-6.784 -6.78312
-6.752 -6.75112
-6.72 -6.71913
-6.688 -6.68713
-6.656 -6.65514
-6.624 -6.62314
-6.592 -6.59115
-6.56 -6.55915
-6.528 -6.52715
-6.496 -6.49516
-6.464 -6.46316
-6.432 -6.43117
-6.4 -6.39917
-6.368 -6.36718
-6.336 -6.33518
-6.304 -6.30319
-6.272 -6.27119
-6.24 -6.23919
-6.208 -6.2072
-6.176 -6.1752
-6.144 -6.14321
-6.112 -6.11121
-6.08 -6.07922
-6.048 -6.04722
-6.016 -6.01523
-5.984 -5.98323
-5.952 -5.95123
-5.92 -5.91924
-5.888 -5.88724
-5.856 -5.85525
-5.824 -5.82325
-5.792 -5.79126
-5.76 -5.75926
-5.728 -5.72726
-5.696 -5.69527
-5.664 -5.66327
-5.632 -5.63128
-5.6 -5.59928
-5.568 -5.56729
-5.536 -5.53529
-5.504 -5.50329
-5.472 -5.4713
-5.44 -5.4393
-5.408 -5.40731
-5.376 -5.37531
-5.344 -5.34332
-5.312 -5.31132
-5.28 -5.27932
-5.248 -5.24733
-5.216 -5.21533
-5.184 -5.18334
-5.152 -5.15134
-5.12 -5.11935
-5.088 -5.08735
-5.056 -5.05535
-5.024 -5.02336
-4.992 -4.99136
-4.96 -4.95937
-4.928 -4.92737
-4.896 -4.89538
-4.864 -4.86338
-4.832 -4.83138
-4.8 -4.79939
-4.768 -4.76739
-4.736 -4.7354
-4.704 -4.7034
-4.672 -4.67141
-4.64 -4.63941
-4.608 -4.60741
-4.576 -4.57542
-4.544 -4.54342
-4.512 -4.51143
-4.48 -4.47943
-4.448 -4.44743
-4.416 -4.41544
-4.384 -4.38344
-4.352 -4.35145
-4.32 -4.31945
-4.288 -4.28746
-4.256 -4.25546
-4.224 -4.22346
-4.192 -4.19147
-4.16 -4.15947
-4.128 -4.12748
-4.096 -4.09548
-4.064 -4.06349
-4.032 -4.03149
-4 -3.99949
-3.968 -3.9675
-3.936 -3.9355
-3.904 -3.90351
-3.872 -3.87151
-3.84 -3.83951
-3.808 -3.80752
-3.776 -3.77552
-3.744 -3.74353
-3.712 -3.71153
-3.68 -3.67953
-3.648 -3.64754
-3.616 -3.61554
-3.584 -3.58355
-3.552 -3.55155
-3.52 -3.51956
-3.488 -3.48756
-3.456 -3.45556
-3.424 -3.42357
-3.392 -3.39157
-3.36 -3.35958
-3.328 -3.32758
-3.296 -3.29558
-3.264 -3.26359
-3.232 -3.23159
-3.2 -3.1996
-3.168 -3.1676
-3.136 -3.1356
-3.104 -3.10361
-3.072 -3.07161
-3.04 -3.03962
-3.008 -3.00762
-2.976 -2.97563
-2.944 -2.94363
-2.912 -2.91163
-2.88 -2.87964
-2.848 -2.84764
-2.816 -2.81565
-2.784 -2.78365
-2.752 -2.75165
-2.72 -2.71966
-2.688 -2.68766
-2.656 -2.65567
-2.624 -2.62367
-2.592 -2.59167
-2.56 -2.55968
-2.528 -2.52768
-2.496 -2.49569
-2.464 -2.46369
-2.432 -2.43169
-2.4 -2.3997
-2.368 -2.3677
-2.336 -2.33571
-2.304 -2.30371
-2.272 -2.27171
-2.24 -2.23972
-2.208 -2.20772
-2.176 -2.17573
-2.144 -2.14373
-2.112 -2.11174
-2.08 -2.07974
-2.048 -2.04774
-2.016 -2.01575
-1.984 -1.98375
-1.952 -1.95176
-1.92 -1.91976
-1.888 -1.88776
-1.856 -1.85577
-1.824 -1.82377
-1.792 -1.79178
-1.76 -1.75978
-1.728 -1.72778
-1.696 -1.69579
-1.664 -1.66379
-1.632 -1.6318
-1.6 -1.5998
-1.568 -1.5678
-1.536 -1.53581
-1.504 -1.50381
-1.472 -1.47182
-1.44 -1.43982
-1.408 -1.40782
-1.376 -1.37583
-1.344 -1.34383
-1.312 -1.31184
-1.28 -1.27984
-1.248 -1.24784
-1.216 -1.21585
-1.184 -1.18385
-1.152 -1.15186
-1.12 -1.11986
-1.088 -1.08786
-1.056 -1.05587
-1.024 -1.02387
-0.992 -0.991876
-0.96 -0.95988
-0.928 -0.927884
-0.896 -0.895888
-0.864 -0.863892
-0.832 -0.831896
-0.8 -0.7999
-0.768 -0.767904
-0.736 -0.735908
-0.704 -0.703912
-0.672 -0.671916
-0.64 -0.63992
-0.608 -0.607924
-0.576 -0.575928
-0.544 -0.543932
-0.512 -0.511936
-0.48 -0.47994
-0.448 -0.447944
-0.416 -0.415948
-0.384 -0.383952
-0.352 -0.351956
-0.32 -0.31996
-0.288 -0.287964
-0.256 -0.255968
-0.224 -0.223972
-0.192 -0.191976
-0.16 -0.15998
-0.128 -0.127984
-0.096 -0.095988
-0.064 -0.063992
-0.032 -0.031996
-5.25824e-12 1.25479e-25
0.032 0.031996
0.064 0.063992
0.096 0.095988
0.128 0.127984
0.16 0.15998
0.192 0.191976
0.224 0.223972
0.256 0.255968
0.288 0.287964
0.32 0.31996
0.352 0.351956
0.384 0.383952
0.416 0.415948
0.448 0.447944
0.48 0.47994
0.512 0.511936
0.544 0.543932
0.576 0.575928
0.608 0.607924
0.64 0.63992
0.672 0.671916
0.704 0.703912
0.736 0.735908
0.768 0.767904
0.8 0.7999
0.832 0.831896
0.864 0.863892
0.896 0.895888
0.928 0.927884
0.96 0.95988
0.992 0.991876
1.024 1.02387
1.056 1.05587
1.088 1.08786
1.12 1.11986
1.152 1.15186
1.184 1.18385
1.216 1.21585
1.248 1.24784
1.28 1.27984
1.312 1.31184
1.344 1.34383
1.376 1.37583
1.408 1.40782
1.44 1.43982
1.472 1.47182
1.504 1.50381
1.536 1.53581
1.568 1.5678
1.6 1.5998
1.632 1.6318
1.664 1.66379
1.696 1.69579
1.728 1.72778
1.76 1.75978
1.792 1.79178
1.824 1.82377
1.856 1.85577
1.888 1.88776
1.92 1.91976
1.952 1.95176
1.984 1.98375
2.016 2.01575
2.048 2.04774
2.08 2.07974
2.112 2.11174
2.144 2.14373
2.176 2.17573
2.208 2.20772
2.24 2.23972
2.272 2.27171
2.304 2.30371
2.336 2.33571
2.368 2.3677
2.4 2.3997
2.432 2.43169
2.464 2.46369
2.496 2.49569
2.528 2.52768
2.56 2.55968
2.592 2.59167
2.624 2.62367
2.656 2.65567
2.688 2.68766
2.72 2.71966
2.752 2.75165
2.784 2.78365
2.816 2.81565
2.848 2.84764
2.88 2.87964
2.912 2.91163
2.944 2.94363
2.976 2.97563
3.008 3.00762
3.04 3.03962
3.072 3.07161
3.104 3.10361
3.136 3.1356
3.168 3.1676
3.2 3.1996
3.232 3.23159
3.264 3.26359
3.296 3.29558
3.328 3.32758
3.36 3.35958
3.392 3.39157
3.424 3.42357
3.456 3.45556
3.488 3.48756
3.52 3.51956
3.552 3.55155
3.584 3.58355
3.616 3.61554
3.648 3.64754
3.68 3.67953
3.712 3.71153
3.744 3.74353
3.776 3.77552
3.808 3.80752
3.84 3.83951
3.872 3.87151
3.904 3.90351
3.936 3.9355
3.968 3.9675
4 3.99949
4.032 4.03149
4.064 4.06349
4.096 4.09548
4.128 4.12748
4.16 4.15947
4.192 4.19147
4.224 4.22346
4.256 4.25546
4.288 4.28746
4.32 4.31945
4.352 4.35145
4.384 4.38344
4.416 4.41544
4.448 4.44743
4.48 4.47943
4.512 4.51143
4.544 4.54342
4.576 4.57542
4.608 4.60741
4.64 4.63941
4.672 4.67141
4.704 4.7034
4.736 4.7354
4.768 4.76739
4.8 4.79939
4.832 4.83138
4.864 4.86338
4.896 4.89538
4.928 4.92737
4.96 4.95937
4.992 4.99136
5.024 5.02336
5.056 5.05535
5.088 5.08735
5.12 5.11935
5.152 5.15134
5.184 5.18334
5.216 5.21533
5.248 5.24733
5.28 5.27932
5.312 5.31132
5.344 5.34332
5.376 5.37531
5.408 5.40731
5.44 5.4393
5.472 5.4713
5.504 5.50329
5.536 5.53529
5.568 5.56729
5.6 5.59928
5.632 5.63128
5.664 5.66327
5.696 5.69527
5.728 5.72726
5.76 5.75926
5.792 5.79126
5.824 5.82325
5.856 5.85525
5.888 5.88724
5.92 5.91924
5.952 5.95123
5.984 5.98323
6.016 6.01523
6.048 6.04722
6.08 6.07922
6.112 6.11121
6.144 6.14321
6.176 6.1752
6.208 6.2072
6.24 6.23919
6.272 6.27119
6.304 6.30319
6.336 6.33518
6.368 6.36718
6.4 6.39917
6.432 6.43117
6.464 6.46316
6.496 6.49516
6.528 6.52715
6.56 6.55915
6.592 6.59115
6.624 6.62314
6.656 6.65514
6.688 6.68713
6.72 6.71913
6.752 6.75112
6.784 6.78312
6.816 6.81511
6.848 6.84711
6.88 6.87911
6.912 6.9111
6.944 6.9431
6.976 6.97509
7.008 7.00709
7.04 7.03908
7.072 7.07108
7.104 7.10307
7.136 7.13507
7.168 7.16707
7.2 7.19906
7.232 7.23106
7.264 7.26305
7.296 7.29505
7.328 7.32704
7.36 7.35904
7.392 7.39103
7.424 7.42303
7.456 7.45502
7.488 7.48702
7.52 7.51901
7.552 7.55101
7.584 7.58301
7.616 7.615
7.648 7.647
7.68 7.67899
7.712 7.71099
7.744 7.74298
7.776 7.77498
7.808 7.80697
7.84 7.83897
7.872 7.87096
7.904 7.90296
7.936 7.93495
7.968 7.96695
8 7.99895
8.032 8.03094
8.064 8.06294
8.096 8.09493
8.128 8.12693
8.16 8.15892
8.192 8.19092
8.224 8.22291
8.256 8.25491
8.288 8.2869
8.32 8.3189
8.352 8.35089
8.384 8.38289
8.416 8.41488
8.448 8.44688
8.48 8.47887
8.512 8.51087
8.544 8.54286
8.576 8.57486
8.608 8.60686
8.64 8.63885
8.672 8.67085
8.704 8.70284
8.736 8.73484
8.768 8.76683
8.8 8.79883
8.832 8.83082
8.864 8.86282
8.896 8.89481
8.928 8.92681
8.96 8.9588
8.992 8.9908
9.024 9.02279
9.056 9.05479
9.088 9.08678
9.12 9.11878
9.152 9.15077
9.184 9.18277
9.216 9.21476
9.248 9.24676
9.28 9.27875
9.312 9.31075
9.344 9.34274
9.376 9.37474
9.408 9.40673
9.44 9.43873
9.472 9.47072
9.504 9.50272
9.536 9.53471
9.568 9.56671
9.6 9.5987
9.632 9.6307
9.664 9.66269
9.696 9.69469
9.728 9.72668
9.76 9.75868
9.792 9.79067
9.824 9.82267
9.856 9.85466
9.888 9.88666
9.92 9.91865
9.952 9.95065
9.984 9.98264
10.016 10.0146
10.048 10.0466
10.08 10.0786
10.112 10.1106
10.144 10.1426
10.176 10.1746
10.208 10.2066
10.24 10.2386
10.272 10.2706
10.304 10.3026
10.336 10.3346
10.368 10.3666
10.4 10.3986
10.432 10.4306
10.464 10.4626
10.496 10.4946
10.528 10.5266
10.56 10.5585
10.592 10.5905
10.624 10.6225
10.656 10.6545
10.688 10.6865
10.72 10.7185
10.752 10.7505
10.784 10.7825
10.816 10.8145
10.848 10.8465
10.88 10.8785
10.912 10.9105
10.944 10.9425
10.976 10.9745
11.008 11.0065
11.04 11.0385
11.072 11.0705
11.104 11.1025
11.136 11.1345
11.168 11.1664
11.2 11.1984
11.232 11.2304
11.264 11.2624
11.296 11.2944
11.328 11.3264
11.36 11.3584
11.392 11.3904
11.424 11.4224
11.456 11.4544
11.488 11.4864
11.52 11.5184
11.552 11.5504
11.584 11.5824
11.616 11.6144
11.648 11.6464
11.68 11.6784
11.712 11.7104
11.744 11.7423
11.776 11.7743
11.808 11.8063
11.84 11.8383
11.872 11.8703
11.904 11.9023
11.936 11.9343
11.968 11.9663
12 11.9983
12.032 12.0303
12.064 12.0623
12.096 12.0943
12.128 12.1263
12.16 12.1583
12.192 12.1903
12.224 12.2223
12.256 12.2543
12.288 12.2862
12.32 12.3182
12.352 12.3502
12.384 12.3822
12.416 12.4142
12.448 12.4462
12.48 12.4782
12.512 12.5102
12.544 12.5422
12.576 12.5742
12.608 12.6062
12.64 12.6382
12.672 12.6702
12.704 12.7022
12.736 12.7342
12.768 12.7662
12.8 12.7981
12.832 12.8301
12.864 12.8621
12.896 12.8941
12.928 12.9261
12.96 12.9581
12.992 12.9901
13.024 13.0221
13.056 13.0541
13.088 13.0861
13.12 13.1181
13.152 13.1501
13.184 13.1821
13.216 13.2141
13.248 13.2461
13.28 13.2781
13.312 13.3101
13.344 13.342
13.376 13.374
13.408 13.406
13.44 13.438
13.472 13.47
13.504 13.502
13.536 13.534
13.568 13.566
13.6 13.598
13.632 13.63
13.664 13.662
13.696 13.694
13.728 13.726
13.76 13.758
13.792 13.79
13.824 13.8219
13.856 13.8539
13.888 13.8859
13.92 13.9179
13.952 13.9499
13.984 13.9819
14.016 14.0139
14.048 14.0459
14.08 14.0779
14.112 14.1099
14.144 14.1419
14.176 14.1739
14.208 14.2059
14.24 14.2379
14.272 14.2699
14.304 14.3018
14.336 14.3338
14.368 14.3658
14.4 14.3978
14.432 14.4298
14.464 14.4618
14.496 14.4938
14.528 14.5258
14.56 14.5578
14.592 14.5898
14.624 14.6218
14.656 14.6538
14.688 14.6858
14.72 14.7178
14.752 14.7497
14.784 14.7817
14.816 14.8137
14.848 14.8457
14.88 14.8777
14.912 14.9097
14.944 14.9417
14.976 14.9737
15.008 15.0057
15.04 15.0377
15.072 15.0697
15.104 15.1017
15.136 15.1337
15.168 15.1657
15.2 15.1976
15.232 15.2296
15.264 15.2616
15.296 15.2936
15.328 15.3256
15.36 15.3576
15.392 15.3896
15.424 15.4216
15.456 15.4536
15.488 15.4856
15.52 15.5176
15.552 15.5496
15.584 15.5816
15.616 15.6135
15.648 15.6455
15.68 15.6775
15.712 15.7095
15.744 15.7415
15.776 15.7735
15.808 15.8055
15.84 15.8375
15.872 15.8695
15.904 15.9015
15.936 15.9335
15.968 15.9655
16 15.9975
16.032 16.0294
16.064 16.0614
16.096 16.0934
16.128 16.1254
16.16 16.1574
16.192 16.1894
16.224 16.2214
16.256 16.2534
16.288 16.2854
16.32 16.3174
16.352 16.3494
16.384 16.3814
16.416 16.4133
16.448 16.4453
16.48 16.4773
16.512 16.5093
16.544 16.5413
16.576 16.5733
16.608 16.6053
16.64 16.6373
16.672 16.6693
16.704 16.7013
16.736 16.7333
16.768 16.7653
16.8 16.7972
16.832 16.8292
16.864 16.8612
16.896 16.8932
16.928 16.9252
16.96 16.9572
16.992 16.9892
17.024 17.0212
17.056 17.0532
17.088 17.0852
17.12 17.1172
17.152 17.1491
17.184 17.1811
17.216 17.2131
17.248 17.2451
17.28 17.2771
17.312 17.3091
17.344 17.3411
17.376 17.3731
17.408 17.4051
17.44 17.4371
17.472 17.4691
17.504 17.501
17.536 17.533
17.568 17.565
17.6 17.597
17.632 17.629
17.664 17.661
17.696 17.693
17.728 17.725
17.76 17.757
17.792 17.789
17.824 17.821
17.856 17.8529
17.888 17.8849
17.92 17.9169
17.952 17.9489
17.984 17.9809
18.016 18.0129
18.048 18.0449
18.08 18.0769
18.112 18.1089
18.144 18.1409
18.176 18.1728
18.208 18.2048
18.24 18.2368
18.272 18.2688
18.304 18.3008
18.336 18.3328
18.368 18.3648
18.4 18.3968
18.432 18.4288
18.464 18.4607
18.496 18.4927
18.528 18.5247
18.56 18.5567
18.592 18.5887
18.624 18.6207
18.656 18.6527
18.688 18.6847
18.72 18.7167
18.752 18.7487
18.784 18.7806
18.816 18.8126
18.848 18.8446
18.88 18.8766
18.912 18.9086
18.944 18.9406
18.976 18.9726
19.008 19.0046
19.04 19.0366
19.072 19.0685
19.104 19.1005
19.136 19.1325
19.168 19.1645
19.2 19.1965
19.232 19.2285
19.264 19.2605
19.296 19.2925
19.328 19.3244
19.36 19.3564
19.392 19.3884
19.424 19.4204
19.456 19.4524
19.488 19.4844
19.52 19.5164
19.552 19.5484
19.584 19.5804
19.616 19.6123
19.648 19.6443
19.68 19.6763
19.712 19.7083
19.744 19.7403
19.776 19.7723
19.808 19.8043
19.84 19.8363
19.872 19.8682
19.904 19.9002
19.936 19.9322
19.968 19.9642
20 19.9962
20.032 20.0282
20.064 20.0602
20.096 20.0921
20.128 20.1241
20.16 20.1561
20.192 20.1881
20.224 20.2201
20.256 20.2521
20.288 20.2841
20.32 20.3161
20.352 20.348
20.384 20.38
20.416 20.412
20.448 20.444
20.48 20.476
20.512 20.508
20.544 20.54
20.576 20.5719
20.608 20.6039
20.64 20.6359
20.672 20.6679
20.704 20.6999
20.736 20.7319
20.768 20.7639
20.8 20.7958
20.832 20.8278
20.864 20.8598
20.896 20.8918
20.928 20.9238
20.96 20.9558
20.992 20.9878
21.024 21.0197
21.056 21.0517
21.088 21.0837
21.12 21.1157
21.152 21.1477
21.184 21.1797
21.216 21.2116
21.248 21.2436
21.28 21.2756
21.312 21.3076
21.344 21.3396
21.376 21.3716
21.408 21.4036
21.44 21.4355
21.472 21.4675
21.504 21.4995
21.536 21.5315
21.568 21.5635
21.6 21.5955
21.632 21.6274
21.664 21.6594
21.696 21.6914
21.728 21.7234
21.76 21.7554
21.792 21.7874
21.824 21.8193
21.856 21.8513
21.888 21.8833
21.92 21.9153
21.952 21.9473
21.984 21.9792
22.016 22.0112
22.048 22.0432
22.08 22.0752
22.112 22.1072
22.144 22.1392
22.176 22.1711
22.208 22.2031
22.24 22.2351
22.272 22.2671
22.304 22.2991
22.336 22.331
22.368 22.363
22.4 22.395
22.432 22.427
22.464 22.459
22.496 22.4909
22.528 22.5229
22.56 22.5549
22.592 22.5869
22.624 22.6189
22.656 22.6508
22.688 22.6828
22.72 22.7148
22.752 22.7468
22.784 22.7788
22.816 22.8107
22.848 22.8427
22.88 22.8747
22.912 22.9067
22.944 22.9387
22.976 22.9706
23.008 23.0026
23.04 23.0346
23.072 23.0666
23.104 23.0985
23.136 23.1305
23.168 23.1625
23.2 23.1945
23.232 23.2265
23.264 23.2584
23.296 23.2904
23.328 23.3224
23.36 23.3544
23.392 23.3863
23.424 23.4183
23.456 23.4503
23.488 23.4823
23.52 23.5142
23.552 23.5462
23.584 23.5782
23.616 23.6102
23.648 23.6421
23.68 23.6741
23.712 23.7061
23.744 23.7381
23.776 23.77
23.808 23.802
23.84 23.834
23.872 23.866
23.904 23.8979
23.936 23.9299
23.968 23.9619
24 23.9939
24.032 24.0258
24.064 24.0578
24.096 24.0898
24.128 24.1217
24.16 24.1537
24.192 24.1857
24.224 24.2177
24.256 24.2496
24.288 24.2816
24.32 24.3136
24.352 24.3455
24.384 24.3775
24.416 24.4095
24.448 24.4414
24.48 24.4734
24.512 24.5054
24.544 24.5374
24.576 24.5693
24.608 24.6013
24.64 24.6333
24.672 24.6652
24.704 24.6972
24.736 24.7292
24.768 24.7611
24.8 24.7931
24.832 24.8251
24.864 24.857
24.896 24.889
24.928 24.921
24.96 24.9529
24.992 24.9849
25.024 25.0169
25.056 25.0488
25.088 25.0808
25.12 25.1127
25.152 25.1447
25.184 25.1767
25.216 25.2086
25.248 25.2406
25.28 25.2726
25.312 25.3045
25.344 25.3365
25.376 25.3684
25.408 25.4004
25.44 25.4324
25.472 25.4643
25.504 25.4963
25.536 25.5282
25.568 25.5602
25.6 25.5922
25.632 25.6241
25.664 25.6561
25.696 25.688
25.728 25.72
25.76 25.7519
25.792 25.7839
25.824 25.8159
25.856 25.8478
25.888 25.8798
25.92 25.9117
25.952 25.9437
25.984 25.9756
26.016 26.0076
26.048 26.0395
26.08 26.0715
26.112 26.1034
26.144 26.1354
26.176 26.1673
26.208 26.1993
26.24 26.2312
26.272 26.2632
26.304 26.2951
26.336 26.3271
26.368 26.359
26.4 26.391
26.432 26.4229
26.464 26.4549
26.496 26.4868
26.528 26.5187
26.56 26.5507
26.592 26.5826
26.624 26.6146
26.656 26.6465
26.688 26.6785
26.72 26.7104
26.752 26.7423
26.784 26.7743
26.816 26.8062
26.848 26.8381
26.88 26.8701
26.912 26.902
26.944 26.934
26.976 26.9659
27.008 26.9978
27.04 27.0297
27.072 27.0617
27.104 27.0936
27.136 27.1255
27.168 27.1575
27.2 27.1894
27.232 27.2213
27.264 27.2532
27.296 27.2852
27.328 27.3171
27.36 27.349
27.392 27.3809
27.424 27.4129
27.456 27.4448
27.488 27.4767
27.52 27.5086
27.552 27.5405
27.584 27.5724
27.616 27.6044
27.648 27.6363
27.68 27.6682
27.712 27.7001
27.744 27.732
27.776 27.7639
27.808 27.7958
27.84 27.8277
27.872 27.8596
27.904 27.8915
27.936 27.9234
27.968 27.9553
28 27.9872
28.032 28.0191
28.064 28.051
28.096 28.0829
28.128 28.1148
28.16 28.1467
28.192 28.1785
28.224 28.2104
28.256 28.2423
28.288 28.2742
28.32 28.3061
28.352 28.3379
28.384 28.3698
28.416 28.4017
28.448 28.4335
28.48 28.4654
28.512 28.4973
28.544 28.5291
28.576 28.561
28.608 28.5928
28.64 28.6247
28.672 28.6566
28.704 28.6884
28.736 28.7202
28.768 28.7521
28.8 28.7839
28.832 28.8158
28.864 28.8476
28.896 28.8794
28.928 28.9112
28.96 28.9431
28.992 28.9749
29.024 29.0067
29.056 29.0385
29.088 29.0703
29.12 29.1021
29.152 29.1339
29.184 29.1657
29.216 29.1975
29.248 29.2293
29.28 29.261
29.312 29.2928
29.344 29.3246
29.376 29.3563
29.408 29.3881
29.44 29.4198
29.472 29.4516
29.504 29.4833
29.536 29.515
29.568 29.5468
29.6 29.5785
29.632 29.6102
29.664 29.6419
29.696 29.6736
29.728 29.7053
29.76 29.7369
29.792 29.7686
29.824 29.8003
29.856 29.8319
29.888 29.8635
29.92 29.8951
29.952 29.9268
29.984 29.9584
30.016 29.9899
30.048 30.0215
30.08 30.0531
30.112 30.0846
30.144 30.1161
30.176 30.1476
30.208 30.1791
30.24 30.2106
30.272 30.2421
30.304 30.2735
30.336 30.3049
30.368 30.3363
30.4 30.3676
30.432 30.399
30.464 30.4303
30.496 30.4616
30.528 30.4928
30.56 30.524
30.592 30.5552
30.624 30.5864
30.656 30.6175
30.688 30.6485
30.72 30.6795
30.752 30.7105
30.784 30.7414
30.816 30.7722
30.848 30.803
30.88 30.8337
30.912 30.8644
30.944 30.8949
30.976 30.9254
31.008 30.9557
31.04 30.986
31.072 31.0161
31.104 31.0461
31.136 31.076
31.168 31.1057
31.2 31.1352
31.232 31.1645
31.264 31.1935
31.296 31.2223
31.328 31.2508
31.36 31.279
31.392 31.3067
31.424 31.334
31.456 31.3607
31.488 31.3867
31.52 31.412
31.552 31.4362
31.584 31.4593
31.616 31.4809
31.648 31.5007
31.68 31.5179
31.712 31.5319
31.744 31.5414
31.776 31.5445
31.808 31.5379
31.84 31.5159
31.872 31.467
31.904 31.3644
31.936 31.128
31.968 30.3661
32 4.18813e-08
32.032 -30.3661
32.064 -31.128
32.096 -31.3644
32.128 -31.467
32.16 -31.5159
32.192 -31.5379
32.224 -31.5445
32.256 -31.5414
32.288 -31.5319
32.32 -31.5179
32.352 -31.5007
32.384 -31.4809
32.416 -31.4593
32.448 -31.4362
32.48 -31.412
32.512 -31.3867
32.544 -31.3607
32.576 -31.334
32.608 -31.3067
32.64 -31.279
32.672 -31.2508
32.704 -31.2223
32.736 -31.1935
32.768 -31.1645
32.8 -31.1352
32.832 -31.1057
32.864 -31.076
32.896 -31.0461
32.928 -31.0161
32.96 -30.986
32.992 -30.9557
33.024 -30.9254
33.056 -30.8949
33.088 -30.8644
33.12 -30.8337
33.152 -30.803
33.184 -30.7722
33.216 -30.7414
33.248 -30.7105
33.28 -30.6795
33.312 -30.6485
33.344 -30.6175
33.376 -30.5864
33.408 -30.5552
33.44 -30.524
33.472 -30.4928
33.504 -30.4616
33.536 -30.4303
33.568 -30.399
33.6 -30.3676
33.632 -30.3363
33.664 -30.3049
33.696 -30.2735
33.728 -30.2421
33.76 -30.2106
33.792 -30.1791
33.824 -30.1476
33.856 -30.1161
33.888 -30.0846
33.92 -30.0531
33.952 -30.0215
33.984 -29.9899
34.016 -29.9584
34.048 -29.9268
34.08 -29.8951
34.112 -29.8635
34.144 -29.8319
34.176 -29.8003
34.208 -29.7686
34.24 -29.7369
34.272 -29.7053
34.304 -29.6736
34.336 -29.6419
34.368 -29.6102
34.4 -29.5785
34.432 -29.5468
34.464 -29.515
34.496 -29.4833
34.528 -29.4516
34.56 -29.4198
34.592 -29.3881
34.624 -29.3563
34.656 -29.3246
34.688 -29.2928
34.72 -29.261
34.752 -29.2293
34.784 -29.1975
34.816 -29.1657
34.848 -29.1339
34.88 -29.1021
34.912 -29.0703
34.944 -29.0385
34.976 -29.0067
35.008 -28.9749
35.04 -28.9431
35.072 -28.9112
35.104 -28.8794
35.136 -28.8476
35.168 -28.8158
35.2 -28.7839
35.232 -28.7521
35.264 -28.7202
35.296 -28.6884
35.328 -28.6566
35.36 -28.6247
35.392 -28.5928
35.424 -28.561
35.456 -28.5291
35.488 -28.4973
35.52 -28.4654
35.552 -28.4335
35.584 -28.4017
35.616 -28.3698
35.648 -28.3379
35.68 -28.3061
35.712 -28.2742
35.744 -28.2423
35.776 -28.2104
35.808 -28.1785
35.84 -28.1467
35.872 -28.1148
35.904 -28.0829
35.936 -28.051
35.968 -28.0191
36 -27.9872
36.032 -27.9553
36.064 -27.9234
36.096 -27.8915
36.128 -27.8596
36.16 -27.8277
36.192 -27.7958
36.224 -27.7639
36.256 -27.732
36.288 -27.7001
36.32 -27.6682
36.352 -27.6363
36.384 -27.6044
36.416 -27.5724
36.448 -27.5405
36.48 -27.5086
36.512 -27.4767
36.544 -27.4448
36.576 -27.4129
36.608 -27.3809
36.64 -27.349
36.672 -27.3171
36.704 -27.2852
36.736 -27.2532
36.768 -27.2213
36.8 -27.1894
36.832 -27.1575
36.864 -27.1255
36.896 -27.0936
36.928 -27.0617
36.96 -27.0297
36.992 -26.9978
37.024 -26.9659
37.056 -26.934
37.088 -26.902
37.12 -26.8701
37.152 -26.8381
37.184 -26.8062
37.216 -26.7743
37.248 -26.7423
37.28 -26.7104
37.312 -26.6785
37.344 -26.6465
37.376 -26.6146
37.408 -26.5826
37.44 -26.5507
37.472 -26.5187
37.504 -26.4868
37.536 -26.4549
37.568 -26.4229
37.6 -26.391
37.632 -26.359
37.664 -26.3271
37.696 -26.2951
37.728 -26.2632
37.76 -26.2312
37.792 -26.1993
37.824 -26.1673
37.856 -26.1354
37.888 -26.1034
37.92 -26.0715
37.952 -26.0395
37.984 -26.0076
38.016 -25.9756
38.048 -25.9437
38.08 -25.9117
38.112 -25.8798
38.144 -25.8478
38.176 -25.8159
38.208 -25.7839
38.24 -25.7519
38.272 -25.72
38.304 -25.688
38.336 -25.6561
38.368 -25.6241
38.4 -25.5922
38.432 -25.5602
38.464 -25.5282
38.496 -25.4963
38.528 -25.4643
38.56 -25.4324
38.592 -25.4004
38.624 -25.3684
38.656 -25.3365
38.688 -25.3045
38.72 -25.2726
38.752 -25.2406
38.784 -25.2086
38.816 -25.1767
38.848 -25.1447
38.88 -25.1127
38.912 -25.0808
38.944 -25.0488
38.976 -25.0169
39.008 -24.9849
39.04 -24.9529
39.072 -24.921
39.104 -24.889
39.136 -24.857
39.168 -24.8251
39.2 -24.7931
39.232 -24.7611
39.264 -24.7292
39.296 -24.6972
39.328 -24.6652
39.36 -24.6333
39.392 -24.6013
39.424 -24.5693
39.456 -24.5374
39.488 -24.5054
39.52 -24.4734
39.552 -24.4414
39.584 -24.4095
39.616 -24.3775
39.648 -24.3455
39.68 -24.3136
39.712 -24.2816
39.744 -24.2496
39.776 -24.2177
39.808 -24.1857
39.84 -24.1537
39.872 -24.1217
39.904 -24.0898
39.936 -24.0578
39.968 -24.0258
40 -23.9939
40.032 -23.9619
40.064 -23.9299
40.096 -23.8979
40.128 -23.866
40.16 -23.834
40.192 -23.802
40.224 -23.77
40.256 -23.7381
40.288 -23.7061
40.32 -23.6741
40.352 -23.6421
40.384 -23.6102
40.416 -23.5782
40.448 -23.5462
40.48 -23.5142
40.512 -23.4823
40.544 -23.4503
40.576 -23.4183
40.608 -23.3863
40.64 -23.3544
40.672 -23.3224
40.704 -23.2904
40.736 -23.2584
40.768 -23.2265
40.8 -23.1945
40.832 -23.1625
40.864 -23.1305
40.896 -23.0985
40.928 -23.0666
40.96 -23.0346
40.992 -23.0026
41.024 -22.9706
41.056 -22.9387
41.088 -22.9067
41.12 -22.8747
41.152 -22.8427
41.184 -22.8107
41.216 -22.7788
41.248 -22.7468
41.28 -22.7148
41.312 -22.6828
41.344 -22.6508
41.376 -22.6189
41.408 -22.5869
41.44 -22.5549
41.472 -22.5229
41.504 -22.4909
41.536 -22.459
41.568 -22.427
41.6 -22.395
41.632 -22.363
41.664 -22.331
41.696 -22.2991
41.728 -22.2671
41.76 -22.2351
41.792 -22.2031
41.824 -22.1711
41.856 -22.1392
41.888 -22.1072
41.92 -22.0752
41.952 -22.0432
41.984 -22.0112
42.016 -21.9792
42.048 -21.9473
42.08 -21.9153
42.112 -21.8833
42.144 -21.8513
42.176 -21.8193
42.208 -21.7874
42.24 -21.7554
42.272 -21.7234
42.304 -21.6914
42.336 -21.6594
42.368 -21.6274
42.4 -21.5955
42.432 -21.5635
42.464 -21.5315
42.496 -21.4995
42.528 -21.4675
42.56 -21.4355
42.592 -21.4036
42.624 -21.3716
42.656 -21.3396
42.688 -21.3076
42.72 -21.2756
42.752 -21.2436
42.784 -21.2116
42.816 -21.1797
42.848 -21.1477
42.88 -21.1157
42.912 -21.0837
42.944 -21.0517
42.976 -21.0197
43.008 -20.9878
43.04 -20.9558
43.072 -20.9238
43.104 -20.8918
43.136 -20.8598
43.168 -20.8278
43.2 -20.7958
43.232 -20.7639
43.264 -20.7319
43.296 -20.6999
43.328 -20.6679
43.36 -20.6359
43.392 -20.6039
43.424 -20.5719
43.456 -20.54
43.488 -20.508
43.52 -20.476
43.552 -20.444
43.584 -20.412
43.616 -20.38
43.648 -20.348
43.68 -20.3161
43.712 -20.2841
43.744 -20.2521
43.776 -20.2201
43.808 -20.1881
43.84 -20.1561
43.872 -20.1241
43.904 -20.0921
43.936 -20.0602
43.968 -20.0282
44 -19.9962
44.032 -19.9642
44.064 -19.9322
44.096 -19.9002
44.128 -19.8682
44.16 -19.8363
44.192 -19.8043
44.224 -19.7723
44.256 -19.7403
44.288 -19.7083
44.32 -19.6763
44.352 -19.6443
44.384 -19.6123
44.416 -19.5804
44.448 -19.5484
44.48 -19.5164
44.512 -19.4844
44.544 -19.4524
44.576 -19.4204
44.608 -19.3884
44.64 -19.3564
44.672 -19.3244
44.704 -19.2925
44.736 -19.2605
44.768 -19.2285
44.8 -19.1965
44.832 -19.1645
44.864 -19.1325
44.896 -19.1005
44.928 -19.0685
44.96 -19.0366
44.992 -19.0046
45.024 -18.9726
45.056 -18.9406
45.088 -18.9086
45.12 -18.8766
45.152 -18.8446
45.184 -18.8126
45.216 -18.7806
45.248 -18.7487
45.28 -18.7167
45.312 -18.6847
45.344 -18.6527
45.376 -18.6207
45.408 -18.5887
45.44 -18.5567
45.472 -18.5247
45.504 -18.4927
45.536 -18.4607
45.568 -18.4288
45.6 -18.3968
45.632 -18.3648
45.664 -18.3328
45.696 -18.3008
45.728 -18.2688
45.76 -18.2368
45.792 -18.2048
45.824 -18.1728
45.856 -18.1409
45.888 -18.1089
45.92 -18.0769
45.952 -18.0449
45.984 -18.0129
46.016 -17.9809
46.048 -17.9489
46.08 -17.9169
46.112 -17.8849
46.144 -17.8529
46.176 -17.821
46.208 -17.789
46.24 -17.757
46.272 -17.725
46.304 -17.693
46.336 -17.661
46.368 -17.629
46.4 -17.597
46.432 -17.565
46.464 -17.533
46.496 -17.501
46.528 -17.4691
46.56 -17.4371
46.592 -17.4051
46.624 -17.3731
46.656 -17.3411
46.688 -17.3091
46.72 -17.2771
46.752 -17.2451
46.784 -17.2131
46.816 -17.1811
46.848 -17.1491
46.88 -17.1172
46.912 -17.0852
46.944 -17.0532
46.976 -17.0212
47.008 -16.9892
47.04 -16.9572
47.072 -16.9252
47.104 -16.8932
47.136 -16.8612
47.168 -16.8292
47.2 -16.7972
47.232 -16.7653
47.264 -16.7333
47.296 -16.7013
47.328 -16.6693
47.36 -16.6373
47.392 -16.6053
47.424 -16.5733
47.456 -16.5413
47.488 -16.5093
47.52 -16.4773
47.552 -16.4453
47.584 -16.4133
47.616 -16.3814
47.648 -16.3494
47.68 -16.3174
47.712 -16.2854
47.744 -16.2534
47.776 -16.2214
47.808 -16.1894
47.84 -16.1574
47.872 -16.1254
47.904 -16.0934
47.936 -16.0614
47.968 -16.0294
48 -15.9975
48.032 -15.9655
48.064 -15.9335
48.096 -15.9015
48.128 -15.8695
48.16 -15.8375
48.192 -15.8055
48.224 -15.7735
48.256 -15.7415
48.288 -15.7095
48.32 -15.6775
48.352 -15.6455
48.384 -15.6135
48.416 -15.5816
48.448 -15.5496
48.48 -15.5176
48.512 -15.4856
48.544 -15.4536
48.576 -15.4216
48.608 -15.3896
48.64 -15.3576
48.672 -15.3256
48.704 -15.2936
48.736 -15.2616
48.768 -15.2296
48.8 -15.1976
48.832 -15.1657
48.864 -15.1337
48.896 -15.1017
48.928 -15.0697
48.96 -15.0377
48.992 -15.0057
49.024 -14.9737
49.056 -14.9417
49.088 -14.9097
49.12 -14.8777
49.152 -14.8457
49.184 -14.8137
49.216 -14.7817
49.248 -14.7497
49.28 -14.7178
49.312 -14.6858
49.344 -14.6538
49.376 -14.6218
49.408 -14.5898
49.44 -14.5578
49.472 -14.5258
49.504 -14.4938
49.536 -14.4618
49.568 -14.4298
49.6 -14.3978
49.632 -14.3658
49.664 -14.3338
49.696 -14.3018
49.728 -14.2699
49.76 -14.2379
49.792 -14.2059
49.824 -14.1739
49.856 -14.1419
49.888 -14.1099
49.92 -14.0779
49.952 -14.0459
49.984 -14.0139
50.016 -13.9819
50.048 -13.9499
50.08 -13.9179
50.112 -13.8859
50.144 -13.8539
50.176 -13.8219
50.208 -13.79
50.24 -13.758
50.272 -13.726
50.304 -13.694
50.336 -13.662
50.368 -13.63
50.4 -13.598
50.432 -13.566
50.464 -13.534
50.496 -13.502
50.528 -13.47
50.56 -13.438
50.592 -13.406
50.624 -13.374
50.656 -13.342
50.688 -13.3101
50.72 -13.2781
50.752 -13.2461
50.784 -13.2141
50.816 -13.1821
50.848 -13.1501
50.88 -13.1181
50.912 -13.0861
50.944 -13.0541
50.976 -13.0221
51.008 -12.9901
51.04 -12.9581
51.072 -12.9261
51.104 -12.8941
51.136 -12.8621
51.168 -12.8301
51.2 -12.7981
51.232 -12.7662
51.264 -12.7342
51.296 -12.7022
51.328 -12.6702
51.36 -12.6382
51.392 -12.6062
51.424 -12.5742
51.456 -12.5422
51.488 -12.5102
51.52 -12.4782
51.552 -12.4462
51.584 -12.4142
51.616 -12.3822
51.648 -12.3502
51.68 -12.3182
51.712 -12.2862
51.744 -12.2543
51.776 -12.2223
51.808 -12.1903
51.84 -12.1583
51.872 -12.1263
51.904 -12.0943
51.936 -12.0623
51.968 -12.0303
52 -11.9983
52.032 -11.9663
52.064 -11.9343
52.096 -11.9023
52.128 -11.8703
52.16 -11.8383
52.192 -11.8063
52.224 -11.7743
52.256 -11.7423
52.288 -11.7104
52.32 -11.6784
52.352 -11.6464
52.384 -11.6144
52.416 -11.5824
52.448 -11.5504
52.48 -11.5184
52.512 -11.4864
52.544 -11.4544
52.576 -11.4224
52.608 -11.3904
52.64 -11.3584
52.672 -11.3264
52.704 -11.2944
52.736 -11.2624
52.768 -11.2304
52.8 -11.1984
52.832 -11.1664
52.864 -11.1345
52.896 -11.1025
52.928 -11.0705
52.96 -11.0385
52.992 -11.0065
53.024 -10.9745
53.056 -10.9425
53.088 -10.9105
53.12 -10.8785
53.152 -10.8465
53.184 -10.8145
53.216 -10.7825
53.248 -10.7505
53.28 -10.7185
53.312 -10.6865
53.344 -10.6545
53.376 -10.6225
53.408 -10.5905
53.44 -10.5585
53.472 -10.5266
53.504 -10.4946
53.536 -10.4626
53.568 -10.4306
53.6 -10.3986
53.632 -10.3666
53.664 -10.3346
53.696 -10.3026
53.728 -10.2706
53.76 -10.2386
53.792 -10.2066
53.824 -10.1746
53.856 -10.1426
53.888 -10.1106
53.92 -10.0786
53.952 -10.0466
53.984 -10.0146
54.016 -9.98264
54.048 -9.95065
54.08 -9.91865
54.112 -9.88666
54.144 -9.85466
54.176 -9.82267
54.208 -9.79067
54.24 -9.75868
54.272 -9.72668
54.304 -9.69469
54.336 -9.66269
54.368 -9.6307
54.4 -9.5987
54.432 -9.56671
54.464 -9.53471
54.496 -9.50272
54.528 -9.47072
54.56 -9.43873
54.592 -9.40673
54.624 -9.37474
54.656 -9.34274
54.688 -9.31075
54.72 -9.27875
54.752 -9.24676
54.784 -9.21476
54.816 -9.18277
54.848 -9.15077
54.88 -9.11878
54.912 -9.08678
54.944 -9.05479
54.976 -9.02279
55.008 -8.9908
55.04 -8.9588
55.072 -8.92681
55.104 -8.89481
55.136 -8.86282
55.168 -8.83082
55.2 -8.79883
55.232 -8.76683
55.264 -8.73484
55.296 -8.70284
55.328 -8.67085
55.36 -8.63885
55.392 -8.60686
55.424 -8.57486
55.456 -8.54286
55.488 -8.51087
55.52 -8.47887
55.552 -8.44688
55.584 -8.41488
55.616 -8.38289
55.648 -8.35089
55.68 -8.3189
55.712 -8.2869
55.744 -8.25491
55.776 -8.22291
55.808 -8.19092
55.84 -8.15892
55.872 -8.12693
55.904 -8.09493
55.936 -8.06294
55.968 -8.03094
56 -7.99895
56.032 -7.96695
56.064 -7.93495
56.096 -7.90296
56.128 -7.87096
56.16 -7.83897
56.192 -7.80697
56.224 -7.77498
56.256 -7.74298
56.288 -7.71099
56.32 -7.67899
56.352 -7.647
56.384 -7.615
56.416 -7.58301
56.448 -7.55101
56.48 -7.51901
56.512 -7.48702
56.544 -7.45502
56.576 -7.42303
56.608 -7.39103
56.64 -7.35904
56.672 -7.32704
56.704 -7.29505
56.736 -7.26305
56.768 -7.23106
56.8 -7.19906
56.832 -7.16707
56.864 -7.13507
56.896 -7.10307
56.928 -7.07108
56.96 -7.03908
56.992 -7.00709
57.024 -6.97509
57.056 -6.9431
57.088 -6.9111
57.12 -6.87911
57.152 -6.84711
57.184 -6.81511
57.216 -6.78312
57.248 -6.75112
57.28 -6.71913
57.312 -6.68713
57.344 -6.65514
57.376 -6.62314
57.408 -6.59115
57.44 -6.55915
57.472 -6.52715
57.504 -6.49516
57.536 -6.46316
57.568 -6.43117
57.6 -6.39917
57.632 -6.36718
57.664 -6.33518
57.696 -6.30319
57.728 -6.27119
57.76 -6.23919
57.792 -6.2072
57.824 -6.1752
57.856 -6.14321
57.888 -6.11121
57.92 -6.07922
57.952 -6.04722
57.984 -6.01523
58.016 -5.98323
58.048 -5.95123
58.08 -5.91924
58.112 -5.88724
58.144 -5.85525
58.176 -5.82325
58.208 -5.79126
58.24 -5.75926
58.272 -5.72726
58.304 -5.69527
58.336 -5.66327
58.368 -5.63128
58.4 -5.59928
58.432 -5.56729
58.464 -5.53529
58.496 -5.50329
58.528 -5.4713
58.56 -5.4393
58.592 -5.40731
58.624 -5.37531
58.656 -5.34332
58.688 -5.31132
58.72 -5.27932
58.752 -5.24733
58.784 -5.21533
58.816 -5.18334
58.848 -5.15134
58.88 -5.11935
58.912 -5.08735
58.944 -5.05535
58.976 -5.02336
59.008 -4.99136
59.04 -4.95937
59.072 -4.92737
59.104 -4.89538
59.136 -4.86338
59.168 -4.83138
59.2 -4.79939
59.232 -4.76739
59.264 -4.7354
59.296 -4.7034
59.328 -4.67141
59.36 -4.63941
59.392 -4.60741
59.424 -4.57542
59.456 -4.54342
59.488 -4.51143
59.52 -4.47943
59.552 -4.44743
59.584 -4.41544
59.616 -4.38344
59.648 -4.35145
59.68 -4.31945
59.712 -4.28746
59.744 -4.25546
59.776 -4.22346
59.808 -4.19147
59.84 -4.15947
59.872 -4.12748
59.904 -4.09548
59.936 -4.06349
59.968 -4.03149
60 -3.99949
60.032 -3.9675
60.064 -3.9355
60.096 -3.90351
60.128 -3.87151
60.16 -3.83951
60.192 -3.80752
60.224 -3.77552
60.256 -3.74353
60.288 -3.71153
60.32 -3.67953
60.352 -3.64754
60.384 -3.61554
60.416 -3.58355
60.448 -3.55155
60.48 -3.51956
60.512 -3.48756
60.544 -3.45556
60.576 -3.42357
60.608 -3.39157
60.64 -3.35958
60.672 -3.32758
60.704 -3.29558
60.736 -3.26359
60.768 -3.23159
60.8 -3.1996
60.832 -3.1676
60.864 -3.1356
60.896 -3.10361
60.928 -3.07161
60.96 -3.03962
60.992 -3.00762
61.024 -2.97563
61.056 -2.94363
61.088 -2.91163
61.12 -2.87964
61.152 -2.84764
61.184 -2.81565
61.216 -2.78365
61.248 -2.75165
61.28 -2.71966
61.312 -2.68766
61.344 -2.65567
61.376 -2.62367
61.408 -2.59167
61.44 -2.55968
61.472 -2.52768
61.504 -2.49569
61.536 -2.46369
61.568 -2.43169
61.6 -2.3997
61.632 -2.3677
61.664 -2.33571
61.696 -2.30371
61.728 -2.27171
61.76 -2.23972
61.792 -2.20772
61.824 -2.17573
61.856 -2.14373
61.888 -2.11174
61.92 -2.07974
61.952 -2.04774
61.984 -2.01575
62.016 -1.98375
62.048 -1.95176
62.08 -1.91976
62.112 -1.88776
62.144 -1.85577
62.176 -1.82377
62.208 -1.79178
62.24 -1.75978
62.272 -1.72778
62.304 -1.69579
62.336 -1.66379
62.368 -1.6318
62.4 -1.5998
62.432 -1.5678
62.464 -1.53581
62.496 -1.50381
62.528 -1.47182
62.56 -1.43982
62.592 -1.40782
62.624 -1.37583
62.656 -1.34383
62.688 -1.31184
62.72 -1.27984
62.752 -1.24784
62.784 -1.21585
62.816 -1.18385
62.848 -1.15186
62.88 -1.11986
62.912 -1.08786
62.944 -1.05587
62.976 -1.02387
63.008 -0.991876
63.04 -0.95988
63.072 -0.927884
63.104 -0.895888
63.136 -0.863892
63.168 -0.831896
63.2 -0.7999
63.232 -0.767904
63.264 -0.735908
63.296 -0.703912
63.328 -0.671916
63.36 -0.63992
63.392 -0.607924
63.424 -0.575928
63.456 -0.543932
63.488 -0.511936
63.52 -0.47994
63.552 -0.447944
63.584 -0.415948
63.616 -0.383952
63.648 -0.351956
63.68 -0.31996
63.712 -0.287964
63.744 -0.255968
63.776 -0.223972
63.808 -0.191976
63.84 -0.15998
63.872 -0.127984
63.904 -0.095988
63.936 -0.063992
63.968 -0.031996
64 -2.35053e-14
64.032 0.031996
64.064 0.063992
64.096 0.095988
64.128 0.127984
64.16 0.15998
64.192 0.191976
64.224 0.223972
64.256 0.255968
64.288 0.287964
64.32 0.31996
64.352 0.351956
64.384 0.383952
64.416 0.415948
64.448 0.447944
64.48 0.47994
64.512 0.511936
64.544 0.543932
64.576 0.575928
64.608 0.607924
64.64 0.63992
64.672 0.671916
64.704 0.703912
64.736 0.735908
64.768 0.767904
64.8 0.7999
64.832 0.831896
64.864 0.863892
64.896 0.895888
64.928 0.927884
64.96 0.95988
64.992 0.991876
65.024 1.02387
65.056 1.05587
65.088 1.08786
65.12 1.11986
65.152 1.15186
65.184 1.18385
65.216 1.21585
65.248 1.24784
65.28 1.27984
65.312 1.31184
65.344 1.34383
65.376 1.37583
65.408 1.40782
65.44 1.43982
65.472 1.47182
65.504 1.50381
65.536 1.53581
65.568 1.5678
65.6 1.5998
65.632 1.6318
65.664 1.66379
65.696 1.69579
65.728 1.72778
65.76 1.75978
65.792 1.79178
65.824 1.82377
65.856 1.85577
65.888 1.88776
65.92 1.91976
65.952 1.95176
65.984 1.98375
66.016 2.01575
66.048 2.04774
66.08 2.07974
66.112 2.11174
66.144 2.14373
66.176 2.17573
66.208 2.20772
66.24 2.23972
66.272 2.27171
66.304 2.30371
66.336 2.33571
66.368 2.3677
66.4 2.3997
66.432 2.43169
66.464 2.46369
66.496 2.49569
66.528 2.52768
66.56 2.55968
66.592 2.59167
66.624 2.62367
66.656 2.65567
66.688 2.68766
66.72 2.71966
66.752 2.75165
66.784 2.78365
66.816 2.81565
66.848 2.84764
66.88 2.87964
66.912 2.91163
66.944 2.94363
66.976 2.97563
67.008 3.00762
67.04 3.03962
67.072 3.07161
67.104 3.10361
67.136 3.1356
67.168 3.1676
67.2 3.1996
67.232 3.23159
67.264 3.26359
67.296 3.29558
67.328 3.32758
67.36 3.35958
67.392 3.39157
67.424 3.42357
67.456 3.45556
67.488 3.48756
67.52 3.51956
67.552 3.55155
67.584 3.58355
67.616 3.61554
67.648 3.64754
67.68 3.67953
67.712 3.71153
67.744 3.74353
67.776 3.77552
67.808 3.80752
67.84 3.83951
67.872 3.87151
67.904 3.90351
67.936 3.9355
67.968 3.9675
68 3.99949
68.032 4.03149
68.064 4.06349
68.096 4.09548
68.128 4.12748
68.16 4.15947
68.192 4.19147
68.224 4.22346
68.256 4.25546
68.288 4.28746
68.32 4.31945
68.352 4.35145
68.384 4.38344
68.416 4.41544
68.448 4.44743
68.48 4.47943
68.512 4.51143
68.544 4.54342
68.576 4.57542
68.608 4.60741
68.64 4.63941
68.672 4.67141
68.704 4.7034
68.736 4.7354
68.768 4.76739
68.8 4.79939
68.832 4.83138
68.864 4.86338
68.896 4.89538
68.928 4.92737
68.96 4.95937
68.992 4.99136
69.024 5.02336
69.056 5.05535
69.088 5.08735
69.12 5.11935
69.152 5.15134
69.184 5.18334
69.216 5.21533
69.248 5.24733
69.28 5.27932
69.312 5.31132
69.344 5.34332
69.376 5.37531
69.408 5.40731
69.44 5.4393
69.472 5.4713
69.504 5.50329
69.536 5.53529
69.568 5.56729
69.6 5.59928
69.632 5.63128
69.664 5.66327
69.696 5.69527
69.728 5.72726
69.76 5.75926
69.792 5.79126
69.824 5.82325
69.856 5.85525
69.888 5.88724
69.92 5.91924
69.952 5.95123
69.984 5.98323
70.016 6.01523
70.048 6.04722
70.08 6.07922
70.112 6.11121
70.144 6.14321
70.176 6.1752
70.208 6.2072
70.24 6.23919
70.272 6.27119
70.304 6.30319
70.336 6.33518
70.368 6.36718
70.4 6.39917
70.432 6.43117
70.464 6.46316
70.496 6.49516
70.528 6.52715
70.56 6.55915
70.592 6.59115
70.624 6.62314
70.656 6.65514
70.688 6.68713
70.72 6.71913
70.752 6.75112
70.784 6.78312
70.816 6.81511
70.848 6.84711
70.88 6.87911
70.912 6.9111
70.944 6.9431
70.976 6.97509
71.008 7.00709
71.04 7.03908
71.072 7.07108
71.104 7.10307
71.136 7.13507
71.168 7.16707
71.2 7.19906
71.232 7.23106
71.264 7.26305
71.296 7.29505
71.328 7.32704
71.36 7.35904
71.392 7.39103
71.424 7.42303
71.456 7.45502
71.488 7.48702
71.52 7.51901
71.552 7.55101
71.584 7.58301
71.616 7.615
71.648 7.647
71.68 7.67899
71.712 7.71099
71.744 7.74298
71.776 7.77498
71.808 7.80697
71.84 7.83897
71.872 7.87096
71.904 7.90296
71.936 7.93495
71.968 7.96695
72 7.99895
72.032 8.03094
72.064 8.06294
72.096 8.09493
72.128 8.12693
72.16 8.15892
72.192 8.19092
72.224 8.22291
72.256 8.25491
72.288 8.2869
72.32 8.3189
72.352 8.35089
72.384 8.38289
72.416 8.41488
72.448 8.44688
72.48 8.47887
72.512 8.51087
72.544 8.54286
72.576 8.57486
72.608 8.60686
72.64 8.63885
72.672 8.67085
72.704 8.70284
72.736 8.73484
72.768 8.76683
72.8 8.79883
72.832 8.83082
72.864 8.86282
72.896 8.89481
72.928 8.92681
72.96 8.9588
72.992 8.9908
73.024 9.02279
73.056 9.05479
73.088 9.08678
73.12 9.11878
73.152 9.15077
73.184 9.18277
73.216 9.21476
73.248 9.24676
73.28 9.27875
73.312 9.31075
73.344 9.34274
73.376 9.37474
73.408 9.40673
73.44 9.43873
73.472 9.47072
73.504 9.50272
73.536 9.53471
73.568 9.56671
73.6 9.5987
73.632 9.6307
73.664 9.66269
73.696 9.69469
73.728 9.72668
73.76 9.75868
73.792 9.79067
73.824 9.82267
73.856 9.85466
73.888 9.88666
73.92 9.91865
73.952 9.95065
73.984 9.98264
74.016 10.0146
74.048 10.0466
74.08 10.0786
74.112 10.1106
74.144 10.1426
74.176 10.1746
74.208 10.2066
74.24 10.2386
74.272 10.2706
74.304 10.3026
74.336 10.3346
74.368 10.3666
74.4 10.3986
74.432 10.4306
74.464 10.4626
74.496 10.4946
74.528 10.5266
74.56 10.5585
74.592 10.5905
74.624 10.6225
74.656 10.6545
74.688 10.6865
74.72 10.7185
74.752 10.7505
74.784 10.7825
74.816 10.8145
74.848 10.8465
74.88 10.8785
74.912 10.9105
74.944 10.9425
74.976 10.9745
75.008 11.0065
75.04 11.0385
75.072 11.0705
75.104 11.1025
75.136 11.1345
75.168 11.1664
75.2 11.1984
75.232 11.2304
75.264 11.2624
75.296 11.2944
75.328 11.3264
75.36 11.3584
75.392 11.3904
75.424 11.4224
75.456 11.4544
75.488 11.4864
75.52 11.5184
75.552 11.5504
75.584 11.5824
75.616 11.6144
75.648 11.6464
75.68 11.6784
75.712 11.7104
75.744 11.7423
75.776 11.7743
75.808 11.8063
75.84 11.8383
75.872 11.8703
75.904 11.9023
75.936 11.9343
75.968 11.9663
76 11.9983
76.032 12.0303
76.064 12.0623
76.096 12.0943
76.128 12.1263
76.16 12.1583
76.192 12.1903
76.224 12.2223
76.256 12.2543
76.288 12.2862
76.32 12.3182
76.352 12.3502
76.384 12.3822
76.416 12.4142
76.448 12.4462
76.48 12.4782
76.512 12.5102
76.544 12.5422
76.576 12.5742
76.608 12.6062
76.64 12.6382
76.672 12.6702
76.704 12.7022
76.736 12.7342
76.768 12.7662
76.8 12.7981
76.832 12.8301
76.864 12.8621
76.896 12.8941
76.928 12.9261
76.96 12.9581
76.992 12.9901
77.024 13.0221
77.056 13.0541
77.088 13.0861
77.12 13.1181
77.152 13.1501
77.184 13.1821
77.216 13.2141
77.248 13.2461
77.28 13.2781
77.312 13.3101
77.344 13.342
77.376 13.374
77.408 13.406
77.44 13.438
77.472 13.47
77.504 13.502
77.536 13.534
77.568 13.566
77.6 13.598
77.632 13.63
77.664 13.662
77.696 13.694
77.728 13.726
77.76 13.758
77.792 13.79
77.824 13.8219
77.856 13.8539
77.888 13.8859
77.92 13.9179
77.952 13.9499
77.984 13.9819
78.016 14.0139
78.048 14.0459
78.08 14.0779
78.112 14.1099
78.144 14.1419
78.176 14.1739
78.208 14.2059
78.24 14.2379
78.272 14.2699
78.304 14.3018
78.336 14.3338
78.368 14.3658
78.4 14.3978
78.432 14.4298
78.464 14.4618
78.496 14.4938
78.528 14.5258
78.56 14.5578
78.592 14.5898
78.624 14.6218
78.656 14.6538
78.688 14.6858
78.72 14.7178
78.752 14.7497
78.784 14.7817
78.816 14.8137
78.848 14.8457
78.88 14.8777
78.912 14.9097
78.944 14.9417
78.976 14.9737
79.008 15.0057
79.04 15.0377
79.072 15.0697
79.104 15.1017
79.136 15.1337
79.168 15.1657
79.2 15.1976
79.232 15.2296
79.264 15.2616
79.296 15.2936
79.328 15.3256
79.36 15.3576
79.392 15.3896
79.424 15.4216
79.456 15.4536
79.488 15.4856
79.52 15.5176
79.552 15.5496
79.584 15.5816
79.616 15.6135
79.648 15.6455
79.68 15.6775
79.712 15.7095
79.744 15.7415
79.776 15.7735
79.808 15.8055
79.84 15.8375
79.872 15.8695
79.904 15.9015
79.936 15.9335
79.968 15.9655
80 15.9975
