-0.00439453 -0.00488281
-0.00438477 -0.00488281
-0.004375 -0.00488281
-0.00436523 -0.00488281
-0.00435547 -0.00488281
-0.0043457 -0.00488281
-0.00433594 -0.00488281
-0.00432617 -0.00488281
-0.00431641 -0.00488281
-0.00430664 -0.00488281
-0.00429688 -0.00488281
-0.00428711 -0.00488281
-0.00427734 -0.00488281
-0.00426758 -0.00488281
-0.00425781 -0.00488281
-0.00424805 -0.00488281
-0.00423828 -0.00488281
-0.00422852 -0.00488281
-0.00421875 -0.00488281
-0.00420898 -0.00488281
-0.00419922 -0.00488281
-0.00418945 -0.00488281
-0.00417969 -0.00488281
-0.00416992 -0.00488281
-0.00416016 -0.00488281
-0.00415039 -0.00488281
-0.00414063 -0.00488281
-0.00413086 -0.00488281
-0.00412109 -0.00488281
-0.00411133 -0.00488281
-0.00410156 -0.00488281
-0.0040918 -0.00488281
-0.00408203 -0.00488281
-0.00407227 -0.00488281
-0.0040625 -0.00488281
-0.00405273 -0.00488281
-0.00404297 -0.00488281
-0.0040332 -0.00488281
-0.00402344 -0.00488281
-0.00401367 -0.00488281
-0.00400391 -0.00488281
-0.00399414 -0.00488281
-0.00398438 -0.00488281
-0.00397461 -0.00488281
-0.00396484 -0.00488281
-0.00395508 -0.00488281
-0.00394531 -0.00488281
-0.00393555 -0.00488281
-0.00392578 -0.00488281
-0.00391602 -0.00488281
-0.00390625 -0.00488281
-0.00389648 -0.00390625
-0.00388672 -0.00390625
-0.00387695 -0.00390625
-0.00386719 -0.00390625
-0.00385742 -0.00390625
-0.00384766 -0.00390625
-0.00383789 -0.00390625
-0.00382813 -0.00390625
-0.00381836 -0.00390625
-0.00380859 -0.00390625
-0.00379883 -0.00390625
-0.00378906 -0.00390625
-0.0037793 -0.00390625
-0.00376953 -0.00390625
-0.00375977 -0.00390625
-0.00375 -0.00390625
-0.00374023 -0.00390625
-0.00373047 -0.00390625
-0.0037207 -0.00390625
-0.00371094 -0.00390625
-0.00370117 -0.00390625
-0.00369141 -0.00390625
-0.00368164 -0.00390625
-0.00367188 -0.00390625
-0.00366211 -0.00390625
-0.00365234 -0.00390625
-0.00364258 -0.00390625
-0.00363281 -0.00390625
-0.00362305 -0.00390625
-0.00361328 -0.00390625
-0.00360352 -0.00390625
-0.00359375 -0.00390625
-0.00358398 -0.00390625
-0.00357422 -0.00390625
-0.00356445 -0.00390625
-0.00355469 -0.00390625
-0.00354492 -0.00390625
-0.00353516 -0.00390625
-0.00352539 -0.00390625
-0.00351563 -0.00390625
-0.00350586 -0.00390625
-0.00349609 -0.00390625
-0.00348633 -0.00390625
-0.00347656 -0.00390625
-0.0034668 -0.00390625
-0.00345703 -0.00390625
-0.00344727 -0.00390625
-0.0034375 -0.00390625
-0.00342773 -0.00390625
-0.00341797 -0.00390625
-0.0034082 -0.00390625
-0.00339844 -0.00390625
-0.00338867 -0.00390625
-0.00337891 -0.00390625
-0.00336914 -0.00390625
-0.00335938 -0.00390625
-0.00334961 -0.00390625
-0.00333984 -0.00390625
-0.00333008 -0.00390625
-0.00332031 -0.00390625
-0.00331055 -0.00390625
-0.00330078 -0.00390625
-0.00329102 -0.00390625
-0.00328125 -0.00390625
-0.00327148 -0.00390625
-0.00326172 -0.00390625
-0.00325195 -0.00390625
-0.00324219 -0.00390625
-0.00323242 -0.00390625
-0.00322266 -0.00390625
-0.00321289 -0.00390625
-0.00320313 -0.00390625
-0.00319336 -0.00390625
-0.00318359 -0.00390625
-0.00317383 -0.00390625
-0.00316406 -0.00390625
-0.0031543 -0.00390625
-0.00314453 -0.00390625
-0.00313477 -0.00390625
-0.003125 -0.00390625
-0.00311523 -0.00390625
-0.00310547 -0.00390625
-0.0030957 -0.00390625
-0.00308594 -0.00390625
-0.00307617 -0.00390625
-0.00306641 -0.00390625
-0.00305664 -0.00390625
-0.00304688 -0.00390625
-0.00303711 -0.00390625
-0.00302734 -0.00390625
-0.00301758 -0.00390625
-0.00300781 -0.00390625
-0.00299805 -0.00390625
-0.00298828 -0.00390625
-0.00297852 -0.00390625
-0.00296875 -0.00390625
-0.00295898 -0.00390625
-0.00294922 -0.00390625
-0.00293945 -0.00390625
-0.00292969 -0.00390625
-0.00291992 -0.00292969
-0.00291016 -0.00292969
-0.00290039 -0.00292969
-0.00289063 -0.00292969
-0.00288086 -0.00292969
-0.00287109 -0.00292969
-0.00286133 -0.00292969
-0.00285156 -0.00292969
-0.0028418 -0.00292969
-0.00283203 -0.00292969
-0.00282227 -0.00292969
-0.0028125 -0.00292969
-0.00280273 -0.00292969
-0.00279297 -0.00292969
-0.0027832 -0.00292969
-0.00277344 -0.00292969
-0.00276367 -0.00292969
-0.00275391 -0.00292969
-0.00274414 -0.00292969
-0.00273438 -0.00292969
-0.00272461 -0.00292969
-0.00271484 -0.00292969
-0.00270508 -0.00292969
-0.00269531 -0.00292969
-0.00268555 -0.00292969
-0.00267578 -0.00292969
-0.00266602 -0.00292969
-0.00265625 -0.00292969
-0.00264648 -0.00292969
-0.00263672 -0.00292969
-0.00262695 -0.00292969
-0.00261719 -0.00292969
-0.00260742 -0.00292969
-0.00259766 -0.00292969
-0.00258789 -0.00292969
-0.00257813 -0.00292969
-0.00256836 -0.00292969
-0.00255859 -0.00292969
-0.00254883 -0.00292969
-0.00253906 -0.00292969
-0.0025293 -0.00292969
-0.00251953 -0.00292969
-0.00250977 -0.00292969
-0.0025 -0.00292969
-0.00249023 -0.00292969
-0.00248047 -0.00292969
-0.0024707 -0.00292969
-0.00246094 -0.00292969
-0.00245117 -0.00292969
-0.00244141 -0.00292969
-0.00243164 -0.00292969
-0.00242188 -0.00292969
-0.00241211 -0.00292969
-0.00240234 -0.00292969
-0.00239258 -0.00292969
-0.00238281 -0.00292969
-0.00237305 -0.00292969
-0.00236328 -0.00292969
-0.00235352 -0.00292969
-0.00234375 -0.00292969
-0.00233398 -0.00292969
-0.00232422 -0.00292969
-0.00231445 -0.00292969
-0.00230469 -0.00292969
-0.00229492 -0.00292969
-0.00228516 -0.00292969
-0.00227539 -0.00292969
-0.00226563 -0.00292969
-0.00225586 -0.00292969
-0.00224609 -0.00292969
-0.00223633 -0.00292969
-0.00222656 -0.00292969
-0.0022168 -0.00292969
-0.00220703 -0.00292969
-0.00219727 -0.00292969
-0.0021875 -0.00292969
-0.00217773 -0.00292969
-0.00216797 -0.00292969
-0.0021582 -0.00292969
-0.00214844 -0.00292969
-0.00213867 -0.00292969
-0.00212891 -0.00292969
-0.00211914 -0.00292969
-0.00210938 -0.00292969
-0.00209961 -0.00292969
-0.00208984 -0.00292969
-0.00208008 -0.00292969
-0.00207031 -0.00292969
-0.00206055 -0.00292969
-0.00205078 -0.00292969
-0.00204102 -0.00292969
-0.00203125 -0.00292969
-0.00202148 -0.00292969
-0.00201172 -0.00292969
-0.00200195 -0.00292969
-0.00199219 -0.00292969
-0.00198242 -0.00292969
-0.00197266 -0.00292969
-0.00196289 -0.00292969
-0.00195313 -0.00292969
-0.00194336 -0.00195312
-0.00193359 -0.00195312
-0.00192383 -0.00195312
-0.00191406 -0.00195312
-0.0019043 -0.00195312
-0.00189453 -0.00195312
-0.00188477 -0.00195312
-0.001875 -0.00195312
-0.00186523 -0.00195312
-0.00185547 -0.00195312
-0.0018457 -0.00195312
-0.00183594 -0.00195312
-0.00182617 -0.00195312
-0.00181641 -0.00195312
-0.00180664 -0.00195312
-0.00179688 -0.00195312
-0.00178711 -0.00195312
-0.00177734 -0.00195312
-0.00176758 -0.00195312
-0.00175781 -0.00195312
-0.00174805 -0.00195312
-0.00173828 -0.00195312
-0.00172852 -0.00195312
-0.00171875 -0.00195312
-0.00170898 -0.00195312
-0.00169922 -0.00195312
-0.00168945 -0.00195312
-0.00167969 -0.00195312
-0.00166992 -0.00195312
-0.00166016 -0.00195312
-0.00165039 -0.00195312
-0.00164063 -0.00195312
-0.00163086 -0.00195312
-0.00162109 -0.00195312
-0.00161133 -0.00195312
-0.00160156 -0.00195312
-0.0015918 -0.00195312
-0.00158203 -0.00195312
-0.00157227 -0.00195312
-0.0015625 -0.00195312
-0.00155273 -0.00195312
-0.00154297 -0.00195312
-0.0015332 -0.00195312
-0.00152344 -0.00195312
-0.00151367 -0.00195312
-0.00150391 -0.00195312
-0.00149414 -0.00195312
-0.00148438 -0.00195312
-0.00147461 -0.00195312
-0.00146484 -0.00195312
-0.00145508 -0.00195312
-0.00144531 -0.00195312
-0.00143555 -0.00195312
-0.00142578 -0.00195312
-0.00141602 -0.00195312
-0.00140625 -0.00195312
-0.00139648 -0.00195312
-0.00138672 -0.00195312
-0.00137695 -0.00195312
-0.00136719 -0.00195312
-0.00135742 -0.00195312
-0.00134766 -0.00195312
-0.00133789 -0.00195312
-0.00132813 -0.00195312
-0.00131836 -0.00195312
-0.00130859 -0.00195312
-0.00129883 -0.00195312
-0.00128906 -0.00195312
-0.0012793 -0.00195312
-0.00126953 -0.00195312
-0.00125977 -0.00195312
-0.00125 -0.00195312
-0.00124023 -0.00195312
-0.00123047 -0.00195312
-0.0012207 -0.00195312
-0.00121094 -0.00195312
-0.00120117 -0.00195312
-0.00119141 -0.00195312
-0.00118164 -0.00195312
-0.00117188 -0.00195312
-0.00116211 -0.00195312
-0.00115234 -0.00195312
-0.00114258 -0.00195312
-0.00113281 -0.00195312
-0.00112305 -0.00195312
-0.00111328 -0.00195312
-0.00110352 -0.00195312
-0.00109375 -0.00195312
-0.00108398 -0.00195312
-0.00107422 -0.00195312
-0.00106445 -0.00195312
-0.00105469 -0.00195312
-0.00104492 -0.00195312
-0.00103516 -0.00195312
-0.00102539 -0.00195312
-0.00101563 -0.00195312
-0.00100586 -0.00195312
-0.000996094 -0.00195312
-0.000986328 -0.00195312
-0.000976563 -0.00195312
-0.000966797 -0.000976562
-0.000957031 -0.000976562
-0.000947266 -0.000976562
-0.0009375 -0.000976562
-0.000927734 -0.000976562
-0.000917969 -0.000976562
-0.000908203 -0.000976562
-0.000898438 -0.000976562
-0.000888672 -0.000976562
-0.000878906 -0.000976562
-0.000869141 -0.000976562
-0.000859375 -0.000976562
-0.000849609 -0.000976562
-0.000839844 -0.000976562
-0.000830078 -0.000976562
-0.000820313 -0.000976562
-0.000810547 -0.000976562
-0.000800781 -0.000976562
-0.000791016 -0.000976562
-0.00078125 -0.000976562
-0.000771484 -0.000976562
-0.000761719 -0.000976562
-0.000751953 -0.000976562
-0.000742188 -0.000976562
-0.000732422 -0.000976562
-0.000722656 -0.000976562
-0.000712891 -0.000976562
-0.000703125 -0.000976562
-0.000693359 -0.000976562
-0.000683594 -0.000976562
-0.000673828 -0.000976562
-0.000664063 -0.000976562
-0.000654297 -0.000976562
-0.000644531 -0.000976562
-0.000634766 -0.000976562
-0.000625 -0.000976562
-0.000615234 -0.000976562
-0.000605469 -0.000976562
-0.000595703 -0.000976562
-0.000585938 -0.000976562
-0.000576172 -0.000976562
-0.000566406 -0.000976562
-0.000556641 -0.000976562
-0.000546875 -0.000976562
-0.000537109 -0.000976562
-0.000527344 -0.000976562
-0.000517578 -0.000976562
-0.000507813 -0.000976562
-0.000498047 -0.000976562
-0.000488281 -0.000976562
-0.000478516 -0.000976562
-0.00046875 -0.000976562
-0.000458984 -0.000976562
-0.000449219 -0.000976562
-0.000439453 -0.000976562
-0.000429688 -0.000976562
-0.000419922 -0.000976562
-0.000410156 -0.000976562
-0.000400391 -0.000976562
-0.000390625 -0.000976562
-0.000380859 -0.000976562
-0.000371094 -0.000976562
-0.000361328 -0.000976562
-0.000351563 -0.000976562
-0.000341797 -0.000976562
-0.000332031 -0.000976562
-0.000322266 -0.000976562
-0.0003125 -0.000976562
-0.000302734 -0.000976562
-0.000292969 -0.000976562
-0.000283203 -0.000976562
-0.000273438 -0.000976562
-0.000263672 -0.000976562
-0.000253906 -0.000976562
-0.000244141 -0.000976562
-0.000234375 -0.000976562
-0.000224609 -0.000976562
-0.000214844 -0.000976562
-0.000205078 -0.000976562
-0.000195313 -0.000976562
-0.000185547 -0.000976562
-0.000175781 -0.000976562
-0.000166016 -0.000976562
-0.00015625 -0.000976562
-0.000146484 -0.000976562
-0.000136719 -0.000976562
-0.000126953 -0.000976562
-0.000117188 -0.000976562
-0.000107422 -0.000976562
-9.76563e-05 -0.000976562
-8.78906e-05 -0.000976562
-7.8125e-05 -0.000976562
-6.83594e-05 -0.000976562
-5.85938e-05 -0.000976562
-4.88281e-05 -0.000976562
-3.90625e-05 -0.000976562
-2.92969e-05 -0.000976562
-1.95313e-05 -0.000976562
-9.76563e-06 -0.000976562
-5.04391e-17 -0.000976562
9.76562e-06 0
1.95312e-05 0
2.92969e-05 0
3.90625e-05 0
4.88281e-05 0
5.85937e-05 0
6.83594e-05 0
7.8125e-05 0
8.78906e-05 0
9.76562e-05 0
0.000107422 0
0.000117187 0
0.000126953 0
0.000136719 0
0.000146484 0
0.00015625 0
0.000166016 0
0.000175781 0
0.000185547 0
0.000195312 0
0.000205078 0
0.000214844 0
0.000224609 0
0.000234375 0
0.000244141 0
0.000253906 0
0.000263672 0
0.000273437 0
0.000283203 0
0.000292969 0
0.000302734 0
0.0003125 0
0.000322266 0
0.000332031 0
0.000341797 0
0.000351562 0
0.000361328 0
0.000371094 0
0.000380859 0
0.000390625 0
0.000400391 0
0.000410156 0
0.000419922 0
0.000429687 0
0.000439453 0
0.000449219 0
0.000458984 0
0.00046875 0
0.000478516 0
0.000488281 0
0.000498047 0
0.000507812 0
0.000517578 0
0.000527344 0
0.000537109 0
0.000546875 0
0.000556641 0
0.000566406 0
0.000576172 0
0.000585937 0
0.000595703 0
0.000605469 0
0.000615234 0
0.000625 0
0.000634766 0
0.000644531 0
0.000654297 0
0.000664062 0
0.000673828 0
0.000683594 0
0.000693359 0
0.000703125 0
0.000712891 0
0.000722656 0
0.000732422 0
0.000742187 0
0.000751953 0
0.000761719 0
0.000771484 0
0.00078125 0
0.000791016 0
0.000800781 0
0.000810547 0
0.000820312 0
0.000830078 0
0.000839844 0
0.000849609 0
0.000859375 0
0.000869141 0
0.000878906 0
0.000888672 0
0.000898437 0
0.000908203 0
0.000917969 0
0.000927734 0
0.0009375 0
0.000947266 0
0.000957031 0
0.000966797 0
0.000976562 0
0.000986328 0.000976562
0.000996094 0.000976562
0.00100586 0.000976562
0.00101562 0.000976562
0.00102539 0.000976562
0.00103516 0.000976562
0.00104492 0.000976562
0.00105469 0.000976562
0.00106445 0.000976562
0.00107422 0.000976562
0.00108398 0.000976562
0.00109375 0.000976562
0.00110352 0.000976562
0.00111328 0.000976562
0.00112305 0.000976562
0.00113281 0.000976562
0.00114258 0.000976562
0.00115234 0.000976562
0.00116211 0.000976562
0.00117187 0.000976562
0.00118164 0.000976562
0.00119141 0.000976562
0.00120117 0.000976562
0.00121094 0.000976562
0.0012207 0.000976562
0.00123047 0.000976562
0.00124023 0.000976562
0.00125 0.000976562
0.00125977 0.000976562
0.00126953 0.000976562
0.0012793 0.000976562
0.00128906 0.000976562
0.00129883 0.000976562
0.00130859 0.000976562
0.00131836 0.000976562
0.00132812 0.000976562
0.00133789 0.000976562
0.00134766 0.000976562
0.00135742 0.000976562
0.00136719 0.000976562
0.00137695 0.000976562
0.00138672 0.000976562
0.00139648 0.000976562
0.00140625 0.000976562
0.00141602 0.000976562
0.00142578 0.000976562
0.00143555 0.000976562
0.00144531 0.000976562
0.00145508 0.000976562
0.00146484 0.000976562
0.00147461 0.000976562
0.00148437 0.000976562
0.00149414 0.000976562
0.00150391 0.000976562
0.00151367 0.000976562
0.00152344 0.000976562
0.0015332 0.000976562
0.00154297 0.000976562
0.00155273 0.000976562
0.0015625 0.000976562
0.00157227 0.000976562
0.00158203 0.000976562
0.0015918 0.000976562
0.00160156 0.000976562
0.00161133 0.000976562
0.00162109 0.000976562
0.00163086 0.000976562
0.00164062 0.000976562
0.00165039 0.000976562
0.00166016 0.000976562
0.00166992 0.000976562
0.00167969 0.000976562
0.00168945 0.000976562
0.00169922 0.000976562
0.00170898 0.000976562
0.00171875 0.000976562
0.00172852 0.000976562
0.00173828 0.000976562
0.00174805 0.000976562
0.00175781 0.000976562
0.00176758 0.000976562
0.00177734 0.000976562
0.00178711 0.000976562
0.00179687 0.000976562
0.00180664 0.000976562
0.00181641 0.000976562
0.00182617 0.000976562
0.00183594 0.000976562
0.0018457 0.000976562
0.00185547 0.000976562
0.00186523 0.000976562
0.001875 0.000976562
0.00188477 0.000976562
0.00189453 0.000976562
0.0019043 0.000976562
0.00191406 0.000976562
0.00192383 0.000976562
0.00193359 0.000976562
0.00194336 0.000976562
0.00195312 0.000976562
0.00196289 0.00195312
0.00197266 0.00195312
0.00198242 0.00195312
0.00199219 0.00195312
0.00200195 0.00195312
0.00201172 0.00195312
0.00202148 0.00195312
0.00203125 0.00195312
0.00204102 0.00195312
0.00205078 0.00195312
0.00206055 0.00195312
0.00207031 0.00195312
0.00208008 0.00195312
0.00208984 0.00195312
0.00209961 0.00195312
0.00210937 0.00195312
0.00211914 0.00195312
0.00212891 0.00195312
0.00213867 0.00195312
0.00214844 0.00195312
0.0021582 0.00195312
0.00216797 0.00195312
0.00217773 0.00195312
0.0021875 0.00195312
0.00219727 0.00195312
0.00220703 0.00195312
0.0022168 0.00195312
0.00222656 0.00195312
0.00223633 0.00195312
0.00224609 0.00195312
0.00225586 0.00195312
0.00226562 0.00195312
0.00227539 0.00195312
0.00228516 0.00195312
0.00229492 0.00195312
0.00230469 0.00195312
0.00231445 0.00195312
0.00232422 0.00195312
0.00233398 0.00195312
0.00234375 0.00195312
0.00235352 0.00195312
0.00236328 0.00195312
0.00237305 0.00195312
0.00238281 0.00195312
0.00239258 0.00195312
0.00240234 0.00195312
0.00241211 0.00195312
0.00242187 0.00195312
0.00243164 0.00195312
0.00244141 0.00195312
0.00245117 0.00195312
0.00246094 0.00195312
0.0024707 0.00195312
0.00248047 0.00195312
0.00249023 0.00195312
0.0025 0.00195312
0.00250977 0.00195312
0.00251953 0.00195312
0.0025293 0.00195312
0.00253906 0.00195312
0.00254883 0.00195312
0.00255859 0.00195312
0.00256836 0.00195312
0.00257812 0.00195312
0.00258789 0.00195312
0.00259766 0.00195312
0.00260742 0.00195312
0.00261719 0.00195312
0.00262695 0.00195312
0.00263672 0.00195312
0.00264648 0.00195312
0.00265625 0.00195312
0.00266602 0.00195312
0.00267578 0.00195312
0.00268555 0.00195312
0.00269531 0.00195312
0.00270508 0.00195312
0.00271484 0.00195312
0.00272461 0.00195312
0.00273437 0.00195312
0.00274414 0.00195312
0.00275391 0.00195312
0.00276367 0.00195312
0.00277344 0.00195312
0.0027832 0.00195312
0.00279297 0.00195312
0.00280273 0.00195312
0.0028125 0.00195312
0.00282227 0.00195312
0.00283203 0.00195312
0.0028418 0.00195312
0.00285156 0.00195312
0.00286133 0.00195312
0.00287109 0.00195312
0.00288086 0.00195312
0.00289062 0.00195312
0.00290039 0.00195312
0.00291016 0.00195312
0.00291992 0.00195312
0.00292969 0.00195312
0.00293945 0.00292969
0.00294922 0.00292969
0.00295898 0.00292969
0.00296875 0.00292969
0.00297852 0.00292969
0.00298828 0.00292969
0.00299805 0.00292969
0.00300781 0.00292969
0.00301758 0.00292969
0.00302734 0.00292969
0.00303711 0.00292969
0.00304687 0.00292969
0.00305664 0.00292969
0.00306641 0.00292969
0.00307617 0.00292969
0.00308594 0.00292969
0.0030957 0.00292969
0.00310547 0.00292969
0.00311523 0.00292969
0.003125 0.00292969
0.00313477 0.00292969
0.00314453 0.00292969
0.0031543 0.00292969
0.00316406 0.00292969
0.00317383 0.00292969
0.00318359 0.00292969
0.00319336 0.00292969
0.00320312 0.00292969
0.00321289 0.00292969
0.00322266 0.00292969
0.00323242 0.00292969
0.00324219 0.00292969
0.00325195 0.00292969
0.00326172 0.00292969
0.00327148 0.00292969
0.00328125 0.00292969
0.00329102 0.00292969
0.00330078 0.00292969
0.00331055 0.00292969
0.00332031 0.00292969
0.00333008 0.00292969
0.00333984 0.00292969
0.00334961 0.00292969
0.00335937 0.00292969
0.00336914 0.00292969
0.00337891 0.00292969
0.00338867 0.00292969
0.00339844 0.00292969
0.0034082 0.00292969
0.00341797 0.00292969
0.00342773 0.00292969
0.0034375 0.00292969
0.00344727 0.00292969
0.00345703 0.00292969
0.0034668 0.00292969
0.00347656 0.00292969
0.00348633 0.00292969
0.00349609 0.00292969
0.00350586 0.00292969
0.00351562 0.00292969
0.00352539 0.00292969
0.00353516 0.00292969
0.00354492 0.00292969
0.00355469 0.00292969
0.00356445 0.00292969
0.00357422 0.00292969
0.00358398 0.00292969
0.00359375 0.00292969
0.00360352 0.00292969
0.00361328 0.00292969
0.00362305 0.00292969
0.00363281 0.00292969
0.00364258 0.00292969
0.00365234 0.00292969
0.00366211 0.00292969
0.00367187 0.00292969
0.00368164 0.00292969
0.00369141 0.00292969
0.00370117 0.00292969
0.00371094 0.00292969
0.0037207 0.00292969
0.00373047 0.00292969
0.00374023 0.00292969
0.00375 0.00292969
0.00375977 0.00292969
0.00376953 0.00292969
0.0037793 0.00292969
0.00378906 0.00292969
0.00379883 0.00292969
0.00380859 0.00292969
0.00381836 0.00292969
0.00382812 0.00292969
0.00383789 0.00292969
0.00384766 0.00292969
0.00385742 0.00292969
0.00386719 0.00292969
0.00387695 0.00292969
0.00388672 0.00292969
0.00389648 0.00292969
0.00390625 0.00292969
0.00391602 0.00390625
0.00392578 0.00390625
0.00393555 0.00390625
0.00394531 0.00390625
0.00395508 0.00390625
0.00396484 0.00390625
0.00397461 0.00390625
0.00398437 0.00390625
0.00399414 0.00390625
0.00400391 0.00390625
0.00401367 0.00390625
0.00402344 0.00390625
0.0040332 0.00390625
0.00404297 0.00390625
0.00405273 0.00390625
0.0040625 0.00390625
0.00407227 0.00390625
0.00408203 0.00390625
0.0040918 0.00390625
0.00410156 0.00390625
0.00411133 0.00390625
0.00412109 0.00390625
0.00413086 0.00390625
0.00414062 0.00390625
0.00415039 0.00390625
0.00416016 0.00390625
0.00416992 0.00390625
0.00417969 0.00390625
0.00418945 0.00390625
0.00419922 0.00390625
0.00420898 0.00390625
0.00421875 0.00390625
0.00422852 0.00390625
0.00423828 0.00390625
0.00424805 0.00390625
0.00425781 0.00390625
0.00426758 0.00390625
0.00427734 0.00390625
0.00428711 0.00390625
0.00429687 0.00390625
0.00430664 0.00390625
0.00431641 0.00390625
0.00432617 0.00390625
0.00433594 0.00390625
0.0043457 0.00390625
0.00435547 0.00390625
0.00436523 0.00390625
0.004375 0.00390625
0.00438477 0.00390625
0.00439453 0.00390625
