0.199219 -0.213933 -0.952104
0.208984 -0.192417 -0.989631
0.21875 -0.189737 -1.01299
0.228516 -0.181234 -1.04574
0.238281 -0.156611 -1.01917
0.248047 -0.146756 -1.02112
0.257812 -0.129676 -1.05606
0.267578 -0.116996 -1.0672
0.277344 -0.11252 -1.0877
0.287109 -0.0923324 -1.10404
0.296875 -0.0954499 -1.09723
0.306641 -0.0708948 -1.11628
0.316406 -0.0663633 -1.11601
0.326172 -0.0548645 -1.14914
0.335938 -0.037142 -1.14462
0.345703 -0.033463 -1.16156
0.355469 -0.0260217 -1.15251
0.365234 -0.00918182 -1.15564
0.375 -0.0145161 -1.18223
0.384766 -0.0377564 -1.16613
0.394531 -0.0482858 -1.15761
0.404297 -0.0788198 -1.10965
0.414062 -0.111296 -1.08334
0.423828 -0.140381 -1.0638
0.433594 -0.184203 -0.984558
0.443359 -0.209991 -0.975538
0.453125 -0.26093 -0.887476
0.462891 -0.290101 -0.87773
0.472656 -0.352742 -0.884878
0.482422 -0.545656 -0.656707
0.492188 -0.596085 -0.594405
0.501953 -0.590835 -0.588182
0.511719 -0.571052 -0.569486
0.521484 -0.591061 -0.589644
0.53125 -0.571309 -0.569091
0.541016 -0.58619 -0.584114
0.550781 -0.610478 -0.609537
0.560547 -0.595365 -0.593277
0.570312 -0.616893 -0.614722
0.580078 -0.585188 -0.584156
0.589844 -0.621347 -0.62065
0.599609 -0.619311 -0.617889
0.609375 -0.63006 -0.628513
0.619141 -0.598959 -0.598572
0.628906 -0.595183 -0.593515
0.638672 -0.605039 -0.604564
0.648438 -0.6101 -0.608371
0.658203 -0.630272 -0.629823
0.667969 -0.615606 -0.615029
0.677734 -0.620097 -0.618725
0.6875 -0.640407 -0.63979
0.697266 -0.569807 -0.5686
0.707031 -0.560027 -0.560492
0.716797 -0.63935 -0.640071
0.726562 -0.598749 -0.598422
0.736328 -0.570296 -0.571141
0.746094 -0.571296 -0.572144
0.755859 -0.585962 -0.587414
0.765625 -0.59136 -0.592963
0.775391 -0.599635 -0.599186
0.785156 -0.600807 -0.604309
0.794922 -0.403255 -0.838798
0.804688 -0.358513 -0.875282
0.814453 -0.303895 -0.893475
0.824219 -0.213791 -1.11722
0.833984 -0.230505 -0.943678
0.84375 -0.185619 -1.01271
0.853516 -0.151539 -1.0774
0.863281 -0.115438 -1.07999
0.873047 -0.0949061 -1.04308
0.882812 -0.0755631 -1.12039
0.892578 -0.0385191 -1.14476
0.902344 -0.0323136 -1.12826
0.912109 0.00371533 -1.20608
0.921875 0.0214713 -1.23537
0.931641 -0.0643756 -1.14076
0.941406 -0.166292 -1.00768
0.951172 -0.257965 -1.01926
0.960938 -0.476959 -0.802246
0.970703 -0.594602 -0.597239
0.980469 -0.61133 -0.608338
0.990234 -0.257042 -0.962721
1 -0.172834 -1.03767
1.00977 -0.0928143 -1.13024
1.01953 -0.0501538 -1.15949
1.0293 -0.0128728 -1.19095
1.03906 -0.438015 -0.786867
1.04883 -0.0296939 -1.20504
1.05859 0.0266379 -1.19635
1.06836 0.122105 -1.33612
1.07812 0.127494 -1.33625
1.08789 0.196493 -1.38943
1.09766 0.20227 -1.41466
1.10742 0.213944 -1.40799
1.11719 0.191488 -1.40135
1.12695 0.289455 -1.44736
1.13672 0.271148 -1.4831
1.14648 0.257504 -1.45761
1.15625 0.314398 -1.50255
1.16602 0.257961 -1.44501
1.17578 0.335728 -1.52295
1.18555 0.332532 -1.49494
1.19531 0.321977 -1.50899
1.20508 0.403294 -1.64736
1.21484 0.304411 -1.49638
1.22461 0.216413 -1.44655
1.23438 -0.363198 -0.811629
1.24414 -0.173158 -1.01523
1.25391 -0.0264286 -1.15734
1.26367 0.0961636 -1.3226
1.27344 0.167417 -1.36779
1.2832 0.163684 -1.36443
1.29297 0.290305 -1.50059
1.30273 -0.122512 -1.08064
1.3125 0.335708 -1.53896
1.32227 0.253723 -1.43472
1.33203 0.369846 -1.5617
1.3418 0.262124 -1.43612
1.35156 0.342448 -1.54527
1.36133 0.238157 -1.44072
1.37109 0.340068 -1.55098
1.38086 0.416416 -1.62246
1.39062 0.296424 -1.51083
