2.09961 -2.31251
2.10938 -2.26298
2.11914 -2.19358
2.12891 -2.08702
2.13867 -2.05733
2.14844 -1.9258
2.1582 -1.84853
2.16797 -1.80152
2.17773 -1.73724
2.1875 -1.69845
2.19727 -1.67484
2.20703 -1.62222
2.2168 -1.53566
2.22656 -1.50536
2.23633 -1.47977
2.24609 -1.41758
2.25586 -1.40373
2.26562 -1.34533
2.27539 -1.3184
2.28516 -1.27475
2.29492 -1.23616
2.30469 -1.19993
2.31445 -1.17468
2.32422 -1.12774
2.33398 -1.10732
2.34375 -1.08418
2.35352 -1.06755
2.36328 -1.02971
2.37305 -0.997068
2.38281 -0.962446
2.39258 -0.964691
2.40234 -0.922035
2.41211 -0.888509
2.42188 -0.875241
2.43164 -0.862397
2.44141 -0.822585
2.45117 -0.799004
2.46094 -0.790814
2.4707 -0.752334
2.48047 -0.756147
2.49023 -0.715798
2.5 -0.710385
2.50977 -0.684245
2.51953 -0.673741
2.5293 -0.642196
2.53906 -0.641024
2.54883 -0.609993
2.55859 -0.594704
2.56836 -0.568125
2.57812 -0.564372
2.58789 -0.54798
2.59766 -0.522221
2.60742 -0.512908
2.61719 -0.489304
2.62695 -0.466808
2.63672 -0.459858
2.64648 -0.446407
2.65625 -0.431827
2.66602 -0.410157
2.67578 -0.392444
2.68555 -0.376754
2.69531 -0.380507
2.70508 -0.35366
2.71484 -0.355264
2.72461 -0.326951
2.73438 -0.311604
2.74414 -0.299387
2.75391 -0.287073
2.76367 -0.276783
2.77344 -0.262991
2.7832 -0.250736
2.79297 -0.243878
2.80273 -0.228274
2.8125 -0.214559
2.82227 -0.20579
2.83203 -0.188103
2.8418 -0.179389
2.85156 -0.170635
2.86133 -0.149368
2.87109 -0.143557
2.88086 -0.139009
2.89062 -0.12644
2.90039 -0.113427
2.91016 -0.0872368
2.91992 -0.0863709
2.92969 -0.0918959
2.93945 -0.0722421
2.94922 -0.0588717
2.95898 -0.0462165
2.96875 -0.0429974
2.97852 -0.0387208
2.98828 -0.0374577
2.99805 -0.0283909
3.00781 -0.0474585
3.01758 -0.0614531
3.02734 -0.0698967
3.03711 -0.080277
3.04688 -0.0750942
3.05664 -0.09132
3.06641 -0.127695
3.07617 -0.154689
3.08594 -0.177902
3.0957 -0.21445
3.10547 -0.229562
3.11523 -0.277914
3.125 -0.313948
3.13477 -0.353013
3.14453 -0.382549
3.1543 -0.424442
3.16406 -0.46499
3.17383 -0.534101
3.18359 -0.598855
3.19336 -0.646045
3.20312 -0.755643
3.21289 -0.814344
3.22266 -0.965909
3.23242 -1.09816
3.24219 -1.24979
3.25195 -1.95696
3.26172 -2.64513
3.27148 -1.36547
3.28125 -1.31534
3.29102 -0.962497
3.30078 -0.888798
3.31055 -0.779172
3.32031 -0.690388
3.33008 -0.610577
3.33984 -0.561893
3.34961 0.295247
3.35938 -0.450564
3.36914 -0.370639
3.37891 -0.347791
3.38867 -0.30842
3.39844 -0.280478
3.4082 -0.23774
3.41797 -0.194927
3.42773 -0.184904
3.4375 -0.145876
3.44727 -0.13471
3.45703 -0.172294
3.4668 -0.335992
3.47656 -0.410072
3.48633 -0.594188
3.49609 -0.491758
3.50586 -0.512399
3.51562 -0.182653
3.52539 -0.0984204
3.53516 -0.0303948
3.54492 0.0279907
3.55469 -0.00863442
3.56445 -0.0855839
3.57422 0.0700007
3.58398 -0.0612121
3.59375 0.0577091
3.60352 -0.11071
3.61328 0.0427823
3.62305 0.206471
3.63281 0.189
3.64258 0.26469
3.65234 0.21014
3.66211 0.270246
3.67188 0.300865
3.68164 0.295725
3.69141 0.176959
3.70117 0.336414
3.71094 0.304155
3.7207 0.424032
3.73047 0.383897
3.74023 0.0620599
3.75 -0.0078377
3.75977 0.343651
3.76953 0.286551
3.7793 0.279096
3.78906 0.28868
3.79883 0.386933
3.80859 0.350079
3.81836 0.387154
3.82812 0.372465
3.83789 -0.0568327
3.84766 0.512403
3.85742 0.00657863
3.86719 0.398199
3.87695 0.537156
3.88672 0.486049
3.89648 0.273373
3.90625 0.542731
3.91602 0.581291
3.92578 0.501538
3.93555 0.560473
3.94531 0.583004
3.95508 0.568034
3.96484 0.440631
3.97461 0.601849
3.98438 0.610939
3.99414 0.523015
