2.1 -2.30259
2.101 -2.29263
2.102 -2.28278
2.103 -2.27303
2.104 -2.26336
2.105 -2.25379
2.106 -2.24432
2.107 -2.23493
2.108 -2.22562
2.109 -2.21641
2.11 -2.20727
2.111 -2.19823
2.112 -2.18926
2.113 -2.18037
2.114 -2.17156
2.115 -2.16282
2.116 -2.15417
2.117 -2.14558
2.118 -2.13707
2.119 -2.12863
2.12 -2.12026
2.121 -2.11196
2.122 -2.10373
2.123 -2.09557
2.124 -2.08747
2.125 -2.07944
2.126 -2.07147
2.127 -2.06357
2.128 -2.05573
2.129 -2.04794
2.13 -2.04022
2.131 -2.03256
2.132 -2.02495
2.133 -2.01741
2.134 -2.00992
2.135 -2.00248
2.136 -1.9951
2.137 -1.98777
2.138 -1.9805
2.139 -1.97328
2.14 -1.96611
2.141 -1.959
2.142 -1.95193
2.143 -1.94491
2.144 -1.93794
2.145 -1.93102
2.146 -1.92415
2.147 -1.91732
2.148 -1.91054
2.149 -1.90381
2.15 -1.89712
2.151 -1.89048
2.152 -1.88387
2.153 -1.87732
2.154 -1.8708
2.155 -1.86433
2.156 -1.8579
2.157 -1.85151
2.158 -1.84516
2.159 -1.83885
2.16 -1.83258
2.161 -1.82635
2.162 -1.82016
2.163 -1.81401
2.164 -1.80789
2.165 -1.80181
2.166 -1.79577
2.167 -1.78976
2.168 -1.78379
2.169 -1.77786
2.17 -1.77196
2.171 -1.76609
2.172 -1.76026
2.173 -1.75446
2.174 -1.7487
2.175 -1.74297
2.176 -1.73727
2.177 -1.73161
2.178 -1.72597
2.179 -1.72037
2.18 -1.7148
2.181 -1.70926
2.182 -1.70375
2.183 -1.69827
2.184 -1.69282
2.185 -1.6874
2.186 -1.68201
2.187 -1.67665
2.188 -1.67131
2.189 -1.66601
2.19 -1.66073
2.191 -1.65548
2.192 -1.65026
2.193 -1.64507
2.194 -1.6399
2.195 -1.63476
2.196 -1.62964
2.197 -1.62455
2.198 -1.61949
2.199 -1.61445
2.2 -1.60944
2.201 -1.60445
2.202 -1.59949
2.203 -1.59455
2.204 -1.58964
2.205 -1.58475
2.206 -1.57988
2.207 -1.57504
2.208 -1.57022
2.209 -1.56542
2.21 -1.56065
2.211 -1.5559
2.212 -1.55117
2.213 -1.54646
2.214 -1.54178
2.215 -1.53712
2.216 -1.53248
2.217 -1.52786
2.218 -1.52326
2.219 -1.51868
2.22 -1.51413
2.221 -1.50959
2.222 -1.50508
2.223 -1.50058
2.224 -1.49611
2.225 -1.49165
2.226 -1.48722
2.227 -1.48281
2.228 -1.47841
2.229 -1.47403
2.23 -1.46968
2.231 -1.46534
2.232 -1.46102
2.233 -1.45672
2.234 -1.45243
2.235 -1.44817
2.236 -1.44392
2.237 -1.4397
2.238 -1.43548
2.239 -1.43129
2.24 -1.42712
2.241 -1.42296
2.242 -1.41882
2.243 -1.41469
2.244 -1.41059
2.245 -1.4065
2.246 -1.40242
2.247 -1.39837
2.248 -1.39433
2.249 -1.3903
2.25 -1.38629
2.251 -1.3823
2.252 -1.37833
2.253 -1.37437
2.254 -1.37042
2.255 -1.36649
2.256 -1.36258
2.257 -1.35868
2.258 -1.3548
2.259 -1.35093
2.26 -1.34707
2.261 -1.34323
2.262 -1.33941
2.263 -1.3356
2.264 -1.33181
2.265 -1.32803
2.266 -1.32426
2.267 -1.32051
2.268 -1.31677
2.269 -1.31304
2.27 -1.30933
2.271 -1.30564
2.272 -1.30195
2.273 -1.29828
2.274 -1.29463
2.275 -1.29098
2.276 -1.28735
2.277 -1.28374
2.278 -1.28013
2.279 -1.27654
2.28 -1.27297
2.281 -1.2694
2.282 -1.26585
2.283 -1.26231
2.284 -1.25878
2.285 -1.25527
2.286 -1.25176
2.287 -1.24827
2.288 -1.24479
2.289 -1.24133
2.29 -1.23787
2.291 -1.23443
2.292 -1.231
2.293 -1.22758
2.294 -1.22418
2.295 -1.22078
2.296 -1.2174
2.297 -1.21402
2.298 -1.21066
2.299 -1.20731
2.3 -1.20397
2.301 -1.20065
2.302 -1.19733
2.303 -1.19402
2.304 -1.19073
2.305 -1.18744
2.306 -1.18417
2.307 -1.18091
2.308 -1.17766
2.309 -1.17441
2.31 -1.17118
2.311 -1.16796
2.312 -1.16475
2.313 -1.16155
2.314 -1.15836
2.315 -1.15518
2.316 -1.15201
2.317 -1.14885
2.318 -1.1457
2.319 -1.14256
2.32 -1.13943
2.321 -1.13631
2.322 -1.1332
2.323 -1.1301
2.324 -1.12701
2.325 -1.12393
2.326 -1.12086
2.327 -1.1178
2.328 -1.11474
2.329 -1.1117
2.33 -1.10866
2.331 -1.10564
2.332 -1.10262
2.333 -1.09961
2.334 -1.09661
2.335 -1.09362
2.336 -1.09064
2.337 -1.08767
2.338 -1.08471
2.339 -1.08176
2.34 -1.07881
2.341 -1.07587
2.342 -1.07294
2.343 -1.07002
2.344 -1.06711
2.345 -1.06421
2.346 -1.06132
2.347 -1.05843
2.348 -1.05555
2.349 -1.05268
2.35 -1.04982
2.351 -1.04697
2.352 -1.04412
2.353 -1.04129
2.354 -1.03846
2.355 -1.03564
2.356 -1.03282
2.357 -1.03002
2.358 -1.02722
2.359 -1.02443
2.36 -1.02165
2.361 -1.01888
2.362 -1.01611
2.363 -1.01335
2.364 -1.0106
2.365 -1.00786
2.366 -1.00512
2.367 -1.00239
2.368 -0.999672
2.369 -0.996959
2.37 -0.994252
2.371 -0.991553
2.372 -0.988861
2.373 -0.986177
2.374 -0.983499
2.375 -0.980829
2.376 -0.978166
2.377 -0.97551
2.378 -0.972861
2.379 -0.970219
2.38 -0.967584
2.381 -0.964956
2.382 -0.962335
2.383 -0.95972
2.384 -0.957113
2.385 -0.954512
2.386 -0.951918
2.387 -0.949331
2.388 -0.94675
2.389 -0.944176
2.39 -0.941609
2.391 -0.939048
2.392 -0.936493
2.393 -0.933946
2.394 -0.931404
2.395 -0.92887
2.396 -0.926341
2.397 -0.923819
2.398 -0.921303
2.399 -0.918794
2.4 -0.916291
2.401 -0.913794
2.402 -0.911303
2.403 -0.908819
2.404 -0.90634
2.405 -0.903868
2.406 -0.901402
2.407 -0.898942
2.408 -0.896488
2.409 -0.89404
2.41 -0.891598
2.411 -0.889162
2.412 -0.886732
2.413 -0.884308
2.414 -0.881889
2.415 -0.879477
2.416 -0.87707
2.417 -0.874669
2.418 -0.872274
2.419 -0.869884
2.42 -0.867501
2.421 -0.865122
2.422 -0.86275
2.423 -0.860383
2.424 -0.858022
2.425 -0.855666
2.426 -0.853316
2.427 -0.850971
2.428 -0.848632
2.429 -0.846298
2.43 -0.84397
2.431 -0.841647
2.432 -0.83933
2.433 -0.837018
2.434 -0.834711
2.435 -0.832409
2.436 -0.830113
2.437 -0.827822
2.438 -0.825536
2.439 -0.823256
2.44 -0.820981
2.441 -0.81871
2.442 -0.816445
2.443 -0.814186
2.444 -0.811931
2.445 -0.809681
2.446 -0.807436
2.447 -0.805197
2.448 -0.802962
2.449 -0.800732
2.45 -0.798508
2.451 -0.796288
2.452 -0.794073
2.453 -0.791863
2.454 -0.789658
2.455 -0.787458
2.456 -0.785262
2.457 -0.783072
2.458 -0.780886
2.459 -0.778705
2.46 -0.776529
2.461 -0.774357
2.462 -0.77219
2.463 -0.770028
2.464 -0.767871
2.465 -0.765718
2.466 -0.76357
2.467 -0.761426
2.468 -0.759287
2.469 -0.757153
2.47 -0.755023
2.471 -0.752897
2.472 -0.750776
2.473 -0.74866
2.474 -0.746548
2.475 -0.74444
2.476 -0.742337
2.477 -0.740239
2.478 -0.738145
2.479 -0.736055
2.48 -0.733969
2.481 -0.731888
2.482 -0.729811
2.483 -0.727739
2.484 -0.72567
2.485 -0.723606
2.486 -0.721547
2.487 -0.719491
2.488 -0.71744
2.489 -0.715393
2.49 -0.71335
2.491 -0.711311
2.492 -0.709277
2.493 -0.707246
2.494 -0.70522
2.495 -0.703198
2.496 -0.701179
2.497 -0.699165
2.498 -0.697155
2.499 -0.695149
2.5 -0.693147
2.501 -0.691149
2.502 -0.689155
2.503 -0.687165
2.504 -0.685179
2.505 -0.683197
2.506 -0.681219
2.507 -0.679244
2.508 -0.677274
2.509 -0.675307
2.51 -0.673345
2.511 -0.671386
2.512 -0.669431
2.513 -0.667479
2.514 -0.665532
2.515 -0.663588
2.516 -0.661649
2.517 -0.659712
2.518 -0.65778
2.519 -0.655851
2.52 -0.653926
2.521 -0.652005
2.522 -0.650088
2.523 -0.648174
2.524 -0.646264
2.525 -0.644357
2.526 -0.642454
2.527 -0.640555
2.528 -0.638659
2.529 -0.636767
2.53 -0.634878
2.531 -0.632993
2.532 -0.631112
2.533 -0.629234
2.534 -0.627359
2.535 -0.625489
2.536 -0.623621
2.537 -0.621757
2.538 -0.619897
2.539 -0.61804
2.54 -0.616186
2.541 -0.614336
2.542 -0.612489
2.543 -0.610646
2.544 -0.608806
2.545 -0.606969
2.546 -0.605136
2.547 -0.603306
2.548 -0.60148
2.549 -0.599657
2.55 -0.597837
2.551 -0.59602
2.552 -0.594207
2.553 -0.592397
2.554 -0.590591
2.555 -0.588787
2.556 -0.586987
2.557 -0.58519
2.558 -0.583396
2.559 -0.581606
2.56 -0.579818
2.561 -0.578034
2.562 -0.576253
2.563 -0.574476
2.564 -0.572701
2.565 -0.57093
2.566 -0.569161
2.567 -0.567396
2.568 -0.565634
2.569 -0.563875
2.57 -0.562119
2.571 -0.560366
2.572 -0.558616
2.573 -0.55687
2.574 -0.555126
2.575 -0.553385
2.576 -0.551648
2.577 -0.549913
2.578 -0.548181
2.579 -0.546453
2.58 -0.544727
2.581 -0.543005
2.582 -0.541285
2.583 -0.539568
2.584 -0.537854
2.585 -0.536143
2.586 -0.534435
2.587 -0.53273
2.588 -0.531028
2.589 -0.529329
2.59 -0.527633
2.591 -0.525939
2.592 -0.524249
2.593 -0.522561
2.594 -0.520876
2.595 -0.519194
2.596 -0.517515
2.597 -0.515838
2.598 -0.514165
2.599 -0.512494
2.6 -0.510826
2.601 -0.50916
2.602 -0.507498
2.603 -0.505838
2.604 -0.504181
2.605 -0.502527
2.606 -0.500875
2.607 -0.499226
2.608 -0.49758
2.609 -0.495937
2.61 -0.494296
2.611 -0.492658
2.612 -0.491023
2.613 -0.48939
2.614 -0.48776
2.615 -0.486133
2.616 -0.484508
2.617 -0.482886
2.618 -0.481267
2.619 -0.47965
2.62 -0.478036
2.621 -0.476424
2.622 -0.474815
2.623 -0.473209
2.624 -0.471605
2.625 -0.470004
2.626 -0.468405
2.627 -0.466809
2.628 -0.465215
2.629 -0.463624
2.63 -0.462035
2.631 -0.460449
2.632 -0.458866
2.633 -0.457285
2.634 -0.455706
2.635 -0.45413
2.636 -0.452557
2.637 -0.450986
2.638 -0.449417
2.639 -0.447851
2.64 -0.446287
2.641 -0.444726
2.642 -0.443167
2.643 -0.441611
2.644 -0.440057
2.645 -0.438505
2.646 -0.436956
2.647 -0.435409
2.648 -0.433865
2.649 -0.432323
2.65 -0.430783
2.651 -0.429246
2.652 -0.427711
2.653 -0.426178
2.654 -0.424648
2.655 -0.42312
2.656 -0.421594
2.657 -0.420071
2.658 -0.41855
2.659 -0.417032
2.66 -0.415515
2.661 -0.414001
2.662 -0.41249
2.663 -0.41098
2.664 -0.409473
2.665 -0.407968
2.666 -0.406466
2.667 -0.404965
2.668 -0.403467
2.669 -0.401971
2.67 -0.400478
2.671 -0.398986
2.672 -0.397497
2.673 -0.39601
2.674 -0.394525
2.675 -0.393043
2.676 -0.391562
2.677 -0.390084
2.678 -0.388608
2.679 -0.387134
2.68 -0.385662
2.681 -0.384193
2.682 -0.382726
2.683 -0.38126
2.684 -0.379797
2.685 -0.378336
2.686 -0.376878
2.687 -0.375421
2.688 -0.373966
2.689 -0.372514
2.69 -0.371064
2.691 -0.369615
2.692 -0.368169
2.693 -0.366725
2.694 -0.365283
2.695 -0.363843
2.696 -0.362406
2.697 -0.36097
2.698 -0.359536
2.699 -0.358105
2.7 -0.356675
2.701 -0.355247
2.702 -0.353822
2.703 -0.352398
2.704 -0.350977
2.705 -0.349557
2.706 -0.34814
2.707 -0.346725
2.708 -0.345311
2.709 -0.3439
2.71 -0.34249
2.711 -0.341083
2.712 -0.339677
2.713 -0.338274
2.714 -0.336872
2.715 -0.335473
2.716 -0.334075
2.717 -0.332679
2.718 -0.331286
2.719 -0.329894
2.72 -0.328504
2.721 -0.327116
2.722 -0.32573
2.723 -0.324346
2.724 -0.322964
2.725 -0.321584
2.726 -0.320205
2.727 -0.318829
2.728 -0.317454
2.729 -0.316082
2.73 -0.314711
2.731 -0.313342
2.732 -0.311975
2.733 -0.31061
2.734 -0.309246
2.735 -0.307885
2.736 -0.306525
2.737 -0.305167
2.738 -0.303811
2.739 -0.302457
2.74 -0.301105
2.741 -0.299755
2.742 -0.298406
2.743 -0.297059
2.744 -0.295714
2.745 -0.294371
2.746 -0.29303
2.747 -0.29169
2.748 -0.290352
2.749 -0.289016
2.75 -0.287682
2.751 -0.28635
2.752 -0.285019
2.753 -0.28369
2.754 -0.282363
2.755 -0.281038
2.756 -0.279714
2.757 -0.278392
2.758 -0.277072
2.759 -0.275754
2.76 -0.274437
2.761 -0.273122
2.762 -0.271809
2.763 -0.270497
2.764 -0.269187
2.765 -0.267879
2.766 -0.266573
2.767 -0.265268
2.768 -0.263966
2.769 -0.262664
2.77 -0.261365
2.771 -0.260067
2.772 -0.258771
2.773 -0.257476
2.774 -0.256183
2.775 -0.254892
2.776 -0.253603
2.777 -0.252315
2.778 -0.251029
2.779 -0.249744
2.78 -0.248461
2.781 -0.24718
2.782 -0.245901
2.783 -0.244623
2.784 -0.243346
2.785 -0.242072
2.786 -0.240798
2.787 -0.239527
2.788 -0.238257
2.789 -0.236989
2.79 -0.235722
2.791 -0.234457
2.792 -0.233194
2.793 -0.231932
2.794 -0.230672
2.795 -0.229413
2.796 -0.228156
2.797 -0.226901
2.798 -0.225647
2.799 -0.224394
2.8 -0.223144
2.801 -0.221894
2.802 -0.220647
2.803 -0.219401
2.804 -0.218156
2.805 -0.216913
2.806 -0.215672
2.807 -0.214432
2.808 -0.213193
2.809 -0.211956
2.81 -0.210721
2.811 -0.209487
2.812 -0.208255
2.813 -0.207024
2.814 -0.205795
2.815 -0.204567
2.816 -0.203341
2.817 -0.202116
2.818 -0.200893
2.819 -0.199671
2.82 -0.198451
2.821 -0.197232
2.822 -0.196015
2.823 -0.194799
2.824 -0.193585
2.825 -0.192372
2.826 -0.191161
2.827 -0.189951
2.828 -0.188742
2.829 -0.187535
2.83 -0.18633
2.831 -0.185125
2.832 -0.183923
2.833 -0.182722
2.834 -0.181522
2.835 -0.180324
2.836 -0.179127
2.837 -0.177931
2.838 -0.176737
2.839 -0.175545
2.84 -0.174353
2.841 -0.173164
2.842 -0.171975
2.843 -0.170788
2.844 -0.169603
2.845 -0.168419
2.846 -0.167236
2.847 -0.166055
2.848 -0.164875
2.849 -0.163696
2.85 -0.162519
2.851 -0.161343
2.852 -0.160169
2.853 -0.158996
2.854 -0.157824
2.855 -0.156654
2.856 -0.155485
2.857 -0.154317
2.858 -0.153151
2.859 -0.151986
2.86 -0.150823
2.861 -0.149661
2.862 -0.1485
2.863 -0.147341
2.864 -0.146183
2.865 -0.145026
2.866 -0.14387
2.867 -0.142716
2.868 -0.141564
2.869 -0.140412
2.87 -0.139262
2.871 -0.138113
2.872 -0.136966
2.873 -0.13582
2.874 -0.134675
2.875 -0.133531
2.876 -0.132389
2.877 -0.131248
2.878 -0.130109
2.879 -0.12897
2.88 -0.127833
2.881 -0.126698
2.882 -0.125563
2.883 -0.12443
2.884 -0.123298
2.885 -0.122168
2.886 -0.121038
2.887 -0.11991
2.888 -0.118784
2.889 -0.117658
2.89 -0.116534
2.891 -0.115411
2.892 -0.114289
2.893 -0.113169
2.894 -0.11205
2.895 -0.110932
2.896 -0.109815
2.897 -0.108699
2.898 -0.107585
2.899 -0.106472
2.9 -0.105361
2.901 -0.10425
2.902 -0.103141
2.903 -0.102033
2.904 -0.100926
2.905 -0.0998203
2.906 -0.098716
2.907 -0.0976128
2.908 -0.0965109
2.909 -0.0954102
2.91 -0.0943107
2.911 -0.0932124
2.912 -0.0921153
2.913 -0.0910194
2.914 -0.0899247
2.915 -0.0888312
2.916 -0.0877389
2.917 -0.0866478
2.918 -0.0855579
2.919 -0.0844692
2.92 -0.0833816
2.921 -0.0822952
2.922 -0.0812101
2.923 -0.080126
2.924 -0.0790432
2.925 -0.0779615
2.926 -0.076881
2.927 -0.0758017
2.928 -0.0747235
2.929 -0.0736465
2.93 -0.0725707
2.931 -0.071496
2.932 -0.0704225
2.933 -0.0693501
2.934 -0.0682788
2.935 -0.0672087
2.936 -0.0661398
2.937 -0.065072
2.938 -0.0640053
2.939 -0.0629398
2.94 -0.0618754
2.941 -0.0608121
2.942 -0.05975
2.943 -0.058689
2.944 -0.0576291
2.945 -0.0565704
2.946 -0.0555127
2.947 -0.0544562
2.948 -0.0534008
2.949 -0.0523465
2.95 -0.0512933
2.951 -0.0502412
2.952 -0.0491902
2.953 -0.0481404
2.954 -0.0470916
2.955 -0.0460439
2.956 -0.0449974
2.957 -0.0439519
2.958 -0.0429075
2.959 -0.0418642
2.96 -0.040822
2.961 -0.0397809
2.962 -0.0387408
2.963 -0.0377019
2.964 -0.036664
2.965 -0.0356272
2.966 -0.0345914
2.967 -0.0335568
2.968 -0.0325232
2.969 -0.0314907
2.97 -0.0304592
2.971 -0.0294288
2.972 -0.0283995
2.973 -0.0273712
2.974 -0.026344
2.975 -0.0253178
2.976 -0.0242927
2.977 -0.0232686
2.978 -0.0222456
2.979 -0.0212236
2.98 -0.0202027
2.981 -0.0191828
2.982 -0.018164
2.983 -0.0171462
2.984 -0.0161294
2.985 -0.0151136
2.986 -0.0140989
2.987 -0.0130852
2.988 -0.0120726
2.989 -0.0110609
2.99 -0.0100503
2.991 -0.00904074
2.992 -0.00803217
2.993 -0.00702462
2.994 -0.00601807
2.995 -0.00501254
2.996 -0.00400803
2.997 -0.00300452
2.998 -0.00200204
2.999 -0.0010006
3 -2.50664e-07
3.001 0.000999568
3.002 0.00199822
3.003 0.00285032
3.004 -0.00806569
3.005 -0.0101141
3.006 -0.0121648
3.007 -0.0142249
3.008 -0.0162947
3.009 -0.018374
3.01 -0.0204631
3.011 -0.022562
3.012 -0.0246708
3.013 -0.0267895
3.014 -0.0289184
3.015 -0.0310574
3.016 -0.0332067
3.017 -0.0353663
3.018 -0.0375364
3.019 -0.039717
3.02 -0.0419082
3.021 -0.0441102
3.022 -0.0463231
3.023 -0.0485468
3.024 -0.0507816
3.025 -0.0530276
3.026 -0.0552848
3.027 -0.0575534
3.028 -0.0598334
3.029 -0.062125
3.03 -0.0644283
3.031 -0.0667434
3.032 -0.0690704
3.033 -0.0714095
3.034 -0.0737607
3.035 -0.0761242
3.036 -0.0785
3.037 -0.0808884
3.038 -0.0832895
3.039 -0.0857033
3.04 -0.08813
3.041 -0.0905697
3.042 -0.0930226
3.043 -0.0954889
3.044 -0.0979685
3.045 -0.100462
3.046 -0.102969
3.047 -0.10549
3.048 -0.108024
3.049 -0.110573
3.05 -0.113137
3.051 -0.115715
3.052 -0.118307
3.053 -0.120914
3.054 -0.123536
3.055 -0.126174
3.056 -0.128826
3.057 -0.131494
3.058 -0.134178
3.059 -0.136877
3.06 -0.139592
3.061 -0.142324
3.062 -0.145072
3.063 -0.147836
3.064 -0.150617
3.065 -0.153415
3.066 -0.156231
3.067 -0.159063
3.068 -0.161913
3.069 -0.164781
3.07 -0.167666
3.071 -0.17057
3.072 -0.173492
3.073 -0.176433
3.074 -0.179393
3.075 -0.182372
3.076 -0.18537
3.077 -0.188387
3.078 -0.191424
3.079 -0.194482
3.08 -0.197559
3.081 -0.200658
3.082 -0.203777
3.083 -0.206917
3.084 -0.210078
3.085 -0.213261
3.086 -0.216466
3.087 -0.219694
3.088 -0.222944
3.089 -0.226216
3.09 -0.229512
3.091 -0.232831
3.092 -0.236174
3.093 -0.239542
3.094 -0.242933
3.095 -0.24635
3.096 -0.249791
3.097 -0.253258
3.098 -0.256751
3.099 -0.26027
3.1 -0.263816
3.101 -0.267389
3.102 -0.27099
3.103 -0.274618
3.104 -0.278274
3.105 -0.281959
3.106 -0.285674
3.107 -0.289418
3.108 -0.293191
3.109 -0.296996
3.11 -0.300831
3.111 -0.304698
3.112 -0.308597
3.113 -0.312528
3.114 -0.316493
3.115 -0.320491
3.116 -0.324523
3.117 -0.32859
3.118 -0.332692
3.119 -0.33683
3.12 -0.341005
3.121 -0.345216
3.122 -0.349466
3.123 -0.353754
3.124 -0.358081
3.125 -0.362448
3.126 -0.366855
3.127 -0.371304
3.128 -0.375795
3.129 -0.380329
3.13 -0.384906
3.131 -0.389528
3.132 -0.394195
3.133 -0.398908
3.134 -0.403669
3.135 -0.408477
3.136 -0.413335
3.137 -0.418242
3.138 -0.4232
3.139 -0.428211
3.14 -0.433274
3.141 -0.438392
3.142 -0.443565
3.143 -0.448795
3.144 -0.454082
3.145 -0.459428
3.146 -0.464835
3.147 -0.470303
3.148 -0.475835
3.149 -0.48143
3.15 -0.487092
3.151 -0.492822
3.152 -0.49862
3.153 -0.50449
3.154 -0.510431
3.155 -0.516447
3.156 -0.52254
3.157 -0.52871
3.158 -0.53496
3.159 -0.541292
3.16 -0.547709
3.161 -0.554212
3.162 -0.560803
3.163 -0.567486
3.164 -0.574263
3.165 -0.581136
3.166 -0.588107
3.167 -0.595181
3.168 -0.60236
3.169 -0.609646
3.17 -0.617044
3.171 -0.624557
3.172 -0.632187
3.173 -0.639939
3.174 -0.647817
3.175 -0.655825
3.176 -0.663967
3.177 -0.672248
3.178 -0.680672
3.179 -0.689244
3.18 -0.69797
3.181 -0.706855
3.182 -0.715905
3.183 -0.725126
3.184 -0.734525
3.185 -0.744108
3.186 -0.753883
3.187 -0.763858
3.188 -0.77404
3.189 -0.784438
3.19 -0.795063
3.191 -0.805923
3.192 -0.817029
3.193 -0.828393
3.194 -0.840027
3.195 -0.851943
3.196 -0.864156
3.197 -0.87668
3.198 -0.889532
3.199 -0.902729
3.2 -0.916291
3.201 -0.930237
3.202 -0.944589
3.203 -0.959373
3.204 -0.974614
3.205 -0.990341
3.206 -1.00659
3.207 -1.02339
3.208 -1.04078
3.209 -1.0588
3.21 -1.07751
3.211 -1.09696
3.212 -1.1172
3.213 -1.13831
3.214 -1.16035
3.215 -1.18343
3.216 -1.20763
3.217 -1.23308
3.218 -1.2599
3.219 -1.28825
3.22 -1.31833
3.221 -1.35035
3.222 -1.38457
3.223 -1.42133
3.224 -1.46102
3.225 -1.50416
3.226 -1.55139
3.227 -1.60358
3.228 -1.6619
3.229 -1.72795
3.23 -1.80411
3.231 -1.89404
3.232 -2.00383
3.233 -2.14478
3.234 -2.34189
3.235 -2.67218
3.236 -4.04924
3.237 -2.74004
3.238 -2.37544
3.239 -2.16677
3.24 -2.01993
3.241 -1.90652
3.242 -1.8141
3.243 -1.73609
3.244 -1.6686
3.245 -1.60913
3.246 -1.55595
3.247 -1.50788
3.248 -1.464
3.249 -1.42365
3.25 -1.38629
3.251 -1.35152
3.252 -1.319
3.253 -1.28845
3.254 -1.25965
3.255 -1.2324
3.256 -1.20656
3.257 -1.18197
3.258 -1.15852
3.259 -1.13612
3.26 -1.11467
3.261 -1.09409
3.262 -1.07431
3.263 -1.05528
3.264 -1.03694
3.265 -1.01925
3.266 -1.00214
3.267 -0.985602
3.268 -0.969582
3.269 -0.954053
3.27 -0.938986
3.271 -0.924352
3.272 -0.910129
3.273 -0.896293
3.274 -0.882824
3.275 -0.869702
3.276 -0.856911
3.277 -0.844433
3.278 -0.832253
3.279 -0.820359
3.28 -0.808735
3.281 -0.797371
3.282 -0.786254
3.283 -0.775375
3.284 -0.764722
3.285 -0.754287
3.286 -0.744062
3.287 -0.734036
3.288 -0.724204
3.289 -0.714557
3.29 -0.705089
3.291 -0.695792
3.292 -0.686661
3.293 -0.677691
3.294 -0.668874
3.295 -0.660206
3.296 -0.651683
3.297 -0.643299
3.298 -0.635049
3.299 -0.62693
3.3 -0.618937
3.301 -0.611067
3.302 -0.603315
3.303 -0.595678
3.304 -0.588153
3.305 -0.580736
3.306 -0.573425
3.307 -0.566215
3.308 -0.559106
3.309 -0.552092
3.31 -0.545173
3.311 -0.538346
3.312 -0.531607
3.313 -0.524955
3.314 -0.518388
3.315 -0.511903
3.316 -0.505499
3.317 -0.499172
3.318 -0.492922
3.319 -0.486747
3.32 -0.480644
3.321 -0.474612
3.322 -0.46865
3.323 -0.462755
3.324 -0.456927
3.325 -0.451163
3.326 -0.445463
3.327 -0.439824
3.328 -0.434246
3.329 -0.428727
3.33 -0.423266
3.331 -0.417861
3.332 -0.412513
3.333 -0.407218
3.334 -0.401977
3.335 -0.396788
3.336 -0.39165
3.337 -0.386562
3.338 -0.381523
3.339 -0.376532
3.34 -0.371589
3.341 -0.366692
3.342 -0.36184
3.343 -0.357033
3.344 -0.35227
3.345 -0.34755
3.346 -0.342871
3.347 -0.338235
3.348 -0.333638
3.349 -0.329082
3.35 -0.324565
3.351 -0.320087
3.352 -0.315646
3.353 -0.311243
3.354 -0.306876
3.355 -0.302545
3.356 -0.29825
3.357 -0.293989
3.358 -0.289763
3.359 -0.28557
3.36 -0.28141
3.361 -0.277283
3.362 -0.273188
3.363 -0.269125
3.364 -0.265093
3.365 -0.261091
3.366 -0.257119
3.367 -0.253177
3.368 -0.249264
3.369 -0.24538
3.37 -0.241524
3.371 -0.237696
3.372 -0.233896
3.373 -0.230122
3.374 -0.226376
3.375 -0.222656
3.376 -0.218961
3.377 -0.215292
3.378 -0.211649
3.379 -0.20803
3.38 -0.204435
3.381 -0.200865
3.382 -0.197319
3.383 -0.193796
3.384 -0.190296
3.385 -0.18682
3.386 -0.183366
3.387 -0.179934
3.388 -0.176524
3.389 -0.173135
3.39 -0.169768
3.391 -0.166423
3.392 -0.163098
3.393 -0.159793
3.394 -0.15651
3.395 -0.153246
3.396 -0.150001
3.397 -0.146777
3.398 -0.143572
3.399 -0.140386
3.4 -0.137218
3.401 -0.13407
3.402 -0.13094
3.403 -0.127828
3.404 -0.124733
3.405 -0.121657
3.406 -0.118598
3.407 -0.115557
3.408 -0.112533
3.409 -0.109525
3.41 -0.106535
3.411 -0.103561
3.412 -0.100603
3.413 -0.0976615
3.414 -0.0947359
3.415 -0.0918262
3.416 -0.0889322
3.417 -0.0860536
3.418 -0.0831902
3.419 -0.0803421
3.42 -0.0775089
3.421 -0.0746905
3.422 -0.0718867
3.423 -0.0690974
3.424 -0.0663225
3.425 -0.0635617
3.426 -0.060815
3.427 -0.0580821
3.428 -0.055363
3.429 -0.0526575
3.43 -0.0499654
3.431 -0.0472867
3.432 -0.0446211
3.433 -0.0419686
3.434 -0.039329
3.435 -0.0367022
3.436 -0.034088
3.437 -0.0314864
3.438 -0.0288972
3.439 -0.0263203
3.44 -0.0237555
3.441 -0.0212028
3.442 -0.018662
3.443 -0.016133
3.444 -0.0136157
3.445 -0.01111
3.446 -0.00861581
3.447 -0.00613297
3.448 -0.00366142
3.449 -0.00120209
3.45 0.00105149
3.451 -0.00750642
3.452 -0.0126362
3.453 -0.0178682
3.454 -0.0232205
3.455 -0.0286988
3.456 -0.0343087
3.457 -0.0400567
3.458 -0.0459493
3.459 -0.0519939
3.46 -0.0581983
3.461 -0.0645707
3.462 -0.0711204
3.463 -0.0778571
3.464 -0.0847915
3.465 -0.0919352
3.466 -0.0993009
3.467 -0.106902
3.468 -0.114755
3.469 -0.122875
3.47 -0.131282
3.471 -0.139995
3.472 -0.149037
3.473 -0.158434
3.474 -0.168214
3.475 -0.178409
3.476 -0.189054
3.477 -0.20019
3.478 -0.211865
3.479 -0.224132
3.48 -0.237053
3.481 -0.250701
3.482 -0.265161
3.483 -0.280533
3.484 -0.29694
3.485 -0.314529
3.486 -0.333481
3.487 -0.354022
3.488 -0.37644
3.489 -0.40111
3.49 -0.428529
3.491 -0.459381
3.492 -0.494645
3.493 -0.535784
3.494 -0.585138
3.495 -0.646804
3.496 -0.728998
3.497 -0.852524
3.498 -1.10797
3.499 -1.16978
3.5 -0.872507
3.501 -0.740349
3.502 -0.654232
3.503 -0.59021
3.504 -0.539213
3.505 -0.496815
3.506 -0.460522
3.507 -0.428789
3.508 -0.400591
3.509 -0.375216
3.51 -0.352146
3.511 -0.330994
3.512 -0.311463
3.513 -0.29332
3.514 -0.276379
3.515 -0.26049
3.516 -0.245527
3.517 -0.231388
3.518 -0.217985
3.519 -0.205244
3.52 -0.193103
3.521 -0.181506
3.522 -0.170406
3.523 -0.159762
3.524 -0.149536
3.525 -0.139698
3.526 -0.130217
3.527 -0.121068
3.528 -0.112228
3.529 -0.103677
3.53 -0.0953965
3.531 -0.0873686
3.532 -0.0795783
3.533 -0.0720117
3.534 -0.0646559
3.535 -0.0574992
3.536 -0.0505308
3.537 -0.0437409
3.538 -0.0371201
3.539 -0.0306601
3.54 -0.0243529
3.541 -0.0181914
3.542 -0.0121687
3.543 -0.00627843
3.544 -0.000564684
3.545 -0.0108458
3.546 -0.0240687
3.547 -0.038975
3.548 -0.0560399
3.549 -0.0759708
3.55 -0.0998922
3.551 -0.129755
3.552 -0.169422
3.553 -0.228434
3.554 -0.34548
3.555 -0.417393
3.556 -0.250554
3.557 -0.181146
3.558 -0.136494
3.559 -0.103441
3.56 -0.0771445
3.561 -0.0552773
3.562 -0.0365392
3.563 -0.0201299
3.564 -0.00552113
3.565 -0.0177824
3.566 -0.0756478
3.567 -0.118535
3.568 -0.0299719
3.569 -0.0226219
3.57 0.00690299
3.571 0.0421114
3.572 0.0590534
3.573 0.0516544
3.574 0.0681508
3.575 0.0871155
3.576 0.091943
3.577 0.095859
3.578 0.0756883
3.579 0.109862
3.58 0.105025
3.581 0.111947
3.582 0.0630681
3.583 -0.182434
3.584 0.102343
3.585 0.115163
3.586 0.13111
3.587 0.132625
3.588 0.145881
3.589 0.152477
3.59 0.142123
3.591 0.163747
3.592 0.153249
3.593 0.177721
3.594 0.177576
3.595 0.171545
3.596 0.178503
3.597 0.18315
3.598 0.179272
3.599 0.183032
3.6 0.180851
3.601 0.19876
3.602 0.184912
3.603 0.195379
3.604 0.18349
3.605 0.156597
3.606 -0.0320055
3.607 0.143681
3.608 0.178071
3.609 0.194107
3.61 0.187093
3.611 0.195614
3.612 0.205739
3.613 0.19704
3.614 0.198265
3.615 0.211585
3.616 0.208746
3.617 0.213498
3.618 0.21986
3.619 0.210413
3.62 0.222162
3.621 0.219605
3.622 0.221075
3.623 0.221353
3.624 0.190575
3.625 0.210658
3.626 0.162443
3.627 -0.178272
3.628 -0.26079
3.629 -0.0921083
3.63 -0.020348
3.631 -0.0956553
3.632 -0.019542
3.633 -0.0261568
3.634 -0.00659696
3.635 0.150639
3.636 0.185605
3.637 0.195208
3.638 0.206327
3.639 0.225587
3.64 0.234734
3.641 0.246567
3.642 0.239666
3.643 0.231124
3.644 0.246784
3.645 0.247973
3.646 0.236604
3.647 0.187148
3.648 0.240827
3.649 0.21258
3.65 0.25069
3.651 0.271387
3.652 0.255283
3.653 0.266282
3.654 0.272481
3.655 0.278887
3.656 0.260741
3.657 0.277114
3.658 0.277381
3.659 0.29166
3.66 0.272175
3.661 0.296967
3.662 0.23539
3.663 0.235611
3.664 0.264984
3.665 0.278647
3.666 0.29141
3.667 0.276459
3.668 0.30355
3.669 0.300426
3.67 0.315734
3.671 0.307583
3.672 0.31236
3.673 0.281865
3.674 0.316114
3.675 0.327229
3.676 0.333573
3.677 0.336019
3.678 0.332609
3.679 0.344773
3.68 0.343697
3.681 0.330208
3.682 0.328701
3.683 0.336029
3.684 0.335626
3.685 0.337355
3.686 0.360212
3.687 0.357147
3.688 0.322918
3.689 0.339418
3.69 0.347597
3.691 0.348524
3.692 0.341066
3.693 0.372376
3.694 0.351919
3.695 0.362473
3.696 0.347493
3.697 0.345304
3.698 0.353979
3.699 0.368402
3.7 0.35171
3.701 0.344538
3.702 -0.058011
3.703 0.304294
3.704 0.318919
3.705 0.34687
3.706 0.369699
3.707 0.362383
3.708 0.34266
3.709 0.36064
3.71 0.356222
3.711 0.342304
3.712 0.359697
3.713 0.359613
3.714 0.359925
3.715 0.362776
3.716 0.334454
3.717 0.339449
3.718 0.346746
3.719 0.352708
3.72 0.364509
3.721 0.376679
3.722 0.358208
3.723 0.372465
3.724 0.35763
3.725 0.36788
3.726 0.37466
3.727 0.384475
3.728 0.379255
3.729 0.394806
3.73 0.366199
3.731 0.386783
3.732 0.370706
3.733 0.379547
3.734 0.387332
3.735 0.384382
3.736 0.382474
3.737 0.341776
3.738 0.258909
3.739 -0.57694
3.74 -0.111875
3.741 -0.00854133
3.742 -0.156102
3.743 -0.00110168
3.744 0.0722089
3.745 0.271043
3.746 0.302774
3.747 0.325938
3.748 0.334395
3.749 0.334755
3.75 0.371705
3.751 0.361438
3.752 0.391773
3.753 0.370935
3.754 0.359851
3.755 0.39218
3.756 0.348287
3.757 0.392644
3.758 0.402036
3.759 0.381578
3.76 0.384688
3.761 0.393602
3.762 0.390989
3.763 0.399413
3.764 0.407942
3.765 0.381305
3.766 0.400416
3.767 0.39311
3.768 0.403852
3.769 0.408319
3.77 0.408215
3.771 0.383827
3.772 0.39323
3.773 0.397864
3.774 0.375577
3.775 0.34782
3.776 0.364994
3.777 0.389357
3.778 0.394704
3.779 0.389476
3.78 0.416422
3.781 0.424426
3.782 0.400094
3.783 0.427276
3.784 0.440591
3.785 0.418687
3.786 0.39921
3.787 0.400442
3.788 0.431708
3.789 0.420113
3.79 0.424445
3.791 0.429683
3.792 0.439671
3.793 0.43524
3.794 0.414801
3.795 0.445196
3.796 0.422653
3.797 0.435708
3.798 0.437676
3.799 0.450778
3.8 0.437728
3.801 0.0587399
3.802 0.410449
3.803 0.42007
3.804 0.414097
3.805 0.433526
3.806 0.430988
3.807 0.442702
3.808 0.445292
3.809 0.422139
3.81 0.440202
3.811 0.428883
3.812 0.438346
3.813 0.437369
3.814 0.435398
3.815 0.445608
3.816 0.426135
3.817 0.423622
3.818 0.423709
3.819 0.433196
3.82 0.437891
3.821 0.450566
3.822 0.416912
3.823 0.417714
3.824 0.427118
3.825 0.391864
3.826 0.364386
3.827 0.402961
3.828 0.288458
3.829 -0.17391
3.83 -0.36805
3.831 -0.656133
3.832 -1.33348
3.833 -0.616659
3.834 -0.422155
3.835 -0.312506
3.836 -0.228512
3.837 -0.168034
3.838 -0.122714
3.839 -0.078036
3.84 -0.0433702
3.841 -0.0161641
3.842 -0.0287122
3.843 -0.111267
3.844 -0.283152
3.845 -0.322947
3.846 -0.123771
3.847 -0.0398557
3.848 -0.0605113
3.849 -0.00542333
3.85 0.00611376
3.851 0.106474
3.852 0.121326
3.853 0.139783
3.854 0.0209455
3.855 -0.0293739
3.856 -0.0336944
3.857 0.291532
3.858 0.330755
3.859 0.352427
3.86 0.396036
3.861 0.352902
3.862 0.411911
3.863 0.392681
3.864 0.435427
3.865 0.424236
3.866 0.413837
3.867 0.427542
3.868 0.442274
3.869 0.474427
3.87 0.423834
3.871 0.414532
3.872 0.400863
3.873 0.450196
3.874 0.458375
3.875 0.439692
3.876 0.465593
3.877 0.460279
3.878 0.456803
3.879 0.473696
3.88 0.47018
3.881 0.479408
3.882 0.479249
3.883 0.469225
3.884 0.489468
3.885 0.482719
3.886 0.469644
3.887 0.464537
3.888 0.463319
3.889 0.488626
3.89 0.475618
3.891 0.49121
3.892 0.474424
3.893 0.475425
3.894 0.495299
3.895 0.502447
3.896 0.483702
3.897 0.502625
3.898 0.51944
3.899 0.509916
3.9 0.482786
3.901 0.474747
3.902 0.505452
3.903 0.511059
3.904 0.511249
3.905 0.508996
3.906 -0.0478779
3.907 0.445804
3.908 0.46453
3.909 0.488529
3.91 0.499236
3.911 0.503962
3.912 0.497743
3.913 0.504769
3.914 0.511313
3.915 0.504546
3.916 0.52692
3.917 0.517638
3.918 0.534506
3.919 0.518468
3.92 0.529511
3.921 0.542432
3.922 0.513516
3.923 0.51739
3.924 0.515888
3.925 0.535081
3.926 0.53284
3.927 0.531919
3.928 0.540029
3.929 0.543529
3.93 0.536186
3.931 0.554527
3.932 0.55529
3.933 0.556887
3.934 0.550733
3.935 0.546559
3.936 0.576607
3.937 0.5768
3.938 0.545152
3.939 0.543895
3.94 0.556947
3.941 0.561136
3.942 0.569553
3.943 0.558104
3.944 0.546489
3.945 0.569797
3.946 0.56995
3.947 0.575262
3.948 0.558878
3.949 0.581906
3.95 0.582981
3.951 0.558678
3.952 0.572533
3.953 0.572766
3.954 0.579551
3.955 0.574252
3.956 0.581351
3.957 0.591913
3.958 0.576806
3.959 0.581347
3.96 0.519514
3.961 -0.113941
3.962 0.505667
3.963 0.542706
3.964 0.571994
3.965 0.584711
3.966 0.601938
3.967 0.588941
3.968 0.581903
3.969 0.560905
3.97 0.582694
3.971 0.600964
3.972 0.588147
3.973 0.604973
3.974 0.611533
3.975 0.598976
3.976 0.602188
3.977 0.617671
3.978 0.594175
3.979 0.622167
3.98 0.614545
3.981 0.606403
3.982 0.618871
3.983 0.64131
3.984 0.630353
3.985 0.607791
3.986 0.636883
3.987 0.633638
3.988 0.627467
3.989 0.63007
3.99 0.634665
3.991 0.64304
3.992 0.637293
3.993 0.651114
3.994 0.650722
3.995 0.657926
3.996 0.64795
3.997 0.665206
3.998 0.673762
3.999 0.667495
4 0.694358
