2.1 -2.28417
2.11 -2.19034
2.12 -2.10457
2.13 -2.02558
2.14 -1.95239
2.15 -1.8842
2.16 -1.82036
2.17 -1.76036
2.18 -1.70376
2.19 -1.65019
2.2 -1.59935
2.21 -1.55098
2.22 -1.50484
2.23 -1.46073
2.24 -1.41849
2.25 -1.37797
2.26 -1.33902
2.27 -1.30154
2.28 -1.26541
2.29 -1.23055
2.3 -1.19686
2.31 -1.16426
2.32 -1.1327
2.33 -1.10211
2.34 -1.07242
2.35 -1.04359
2.36 -1.01557
2.37 -0.988315
2.38 -0.961783
2.39 -0.935937
2.4 -0.910743
2.41 -0.886169
2.42 -0.862185
2.43 -0.838764
2.44 -0.815879
2.45 -0.793506
2.46 -0.771624
2.47 -0.75021
2.48 -0.729246
2.49 -0.708713
2.5 -0.688593
2.51 -0.668871
2.52 -0.64953
2.53 -0.630557
2.54 -0.611938
2.55 -0.593659
2.56 -0.575708
2.57 -0.558075
2.58 -0.540747
2.59 -0.523715
2.6 -0.506968
2.61 -0.490497
2.62 -0.474294
2.63 -0.458349
2.64 -0.442655
2.65 -0.427203
2.66 -0.411987
2.67 -0.396999
2.68 -0.382232
2.69 -0.367681
2.7 -0.353339
2.71 -0.339199
2.72 -0.325257
2.73 -0.311507
2.74 -0.297944
2.75 -0.284562
2.76 -0.271357
2.77 -0.258324
2.78 -0.245459
2.79 -0.232758
2.8 -0.220216
2.81 -0.20783
2.82 -0.195595
2.83 -0.183509
2.84 -0.171567
2.85 -0.159766
2.86 -0.148103
2.87 -0.136574
2.88 -0.125177
2.89 -0.113908
2.9 -0.102765
2.91 -0.0917455
2.92 -0.0808458
2.93 -0.0700637
2.94 -0.0593968
2.95 -0.0488425
2.96 -0.0383986
2.97 -0.0280628
2.98 -0.0178328
2.99 -0.00770647
3 0.000439807
3.01 -0.0182223
3.02 -0.03962
3.03 -0.0620633
3.04 -0.0856661
3.05 -0.110553
3.06 -0.136868
3.07 -0.164778
3.08 -0.19448
3.09 -0.226211
3.1 -0.260255
3.11 -0.296965
3.12 -0.336777
3.13 -0.380244
3.14 -0.428084
3.15 -0.481247
3.16 -0.541033
3.17 -0.609283
3.18 -0.688736
3.19 -0.783716
3.2 -0.901671
3.21 -1.05715
3.22 -1.2853
3.23 -1.72
3.24 -2.1887
3.25 -1.42904
3.26 -1.13945
3.27 -0.95658
3.28 -0.822462
3.29 -0.716401
3.3 -0.6286
3.31 -0.553638
3.32 -0.4882
3.33 -0.43011
3.34 -0.375514
3.35 -0.328098
3.36 -0.28462
3.37 -0.244465
3.38 -0.207149
3.39 -0.172289
3.4 -0.139573
3.41 -0.108745
3.42 -0.0795931
3.43 -0.0519393
3.44 -0.0256319
3.45 -0.00482699
3.46 -0.0602547
3.47 -0.134361
3.48 -0.242633
3.49 -0.44359
3.5 -0.781781
3.51 -0.338209
3.52 -0.185307
3.53 -0.0898934
3.54 -0.0200583
3.55 -0.0913154
3.56 -0.0857469
3.57 -0.0116007
3.58 0.103652
3.59 0.140005
3.6 0.178377
3.61 0.194201
3.62 0.206194
3.63 -0.00643777
3.64 0.245068
3.65 0.266382
3.66 0.289085
3.67 0.318774
3.68 0.345936
3.69 0.353838
3.7 0.370819
3.71 0.374754
3.72 0.36334
3.73 0.349803
3.74 -0.133799
3.75 0.37159
3.76 0.387054
3.77 0.410029
3.78 0.41595
3.79 0.431057
3.8 0.439382
3.81 0.445591
3.82 0.452063
3.83 -0.342853
3.84 -0.0553744
3.85 0.0493474
3.86 0.376205
3.87 0.440801
3.88 0.453698
3.89 0.478273
3.9 0.499063
3.91 0.499662
3.92 0.533049
3.93 0.539933
3.94 0.546537
3.95 0.576505
3.96 0.519273
3.97 0.591743
3.98 0.613029
3.99 0.634468
4 0.692561
