0.2 -0.214297 -0.989676
0.201 -0.212804 -0.991169
0.202 -0.211314 -0.992658
0.203 -0.209828 -0.994145
0.204 -0.208344 -0.995628
0.205 -0.206864 -0.997109
0.206 -0.205387 -0.998586
0.207 -0.203912 -1.00006
0.208 -0.202441 -1.00153
0.209 -0.200973 -1.003
0.21 -0.199508 -1.00446
0.211 -0.198046 -1.00593
0.212 -0.196587 -1.00739
0.213 -0.195131 -1.00884
0.214 -0.193678 -1.01029
0.215 -0.192228 -1.01175
0.216 -0.190781 -1.01319
0.217 -0.189336 -1.01464
0.218 -0.187895 -1.01608
0.219 -0.186457 -1.01752
0.22 -0.185021 -1.01895
0.221 -0.183589 -1.02038
0.222 -0.182159 -1.02181
0.223 -0.180733 -1.02324
0.224 -0.179309 -1.02466
0.225 -0.177888 -1.02608
0.226 -0.17647 -1.0275
0.227 -0.175054 -1.02892
0.228 -0.173642 -1.03033
0.229 -0.172232 -1.03174
0.23 -0.170825 -1.03315
0.231 -0.169421 -1.03455
0.232 -0.16802 -1.03595
0.233 -0.166622 -1.03735
0.234 -0.165226 -1.03875
0.235 -0.163833 -1.04014
0.236 -0.162443 -1.04153
0.237 -0.161055 -1.04292
0.238 -0.159671 -1.0443
0.239 -0.158289 -1.04568
0.24 -0.156909 -1.04706
0.241 -0.155533 -1.04844
0.242 -0.154159 -1.04981
0.243 -0.152787 -1.05119
0.244 -0.151419 -1.05255
0.245 -0.150053 -1.05392
0.246 -0.14869 -1.05528
0.247 -0.147329 -1.05664
0.248 -0.145971 -1.058
0.249 -0.144615 -1.05936
0.25 -0.143263 -1.06071
0.251 -0.141912 -1.06206
0.252 -0.140565 -1.06341
0.253 -0.13922 -1.06475
0.254 -0.137877 -1.0661
0.255 -0.136537 -1.06744
0.256 -0.1352 -1.06877
0.257 -0.133865 -1.07011
0.258 -0.132533 -1.07144
0.259 -0.131203 -1.07277
0.26 -0.129876 -1.0741
0.261 -0.128551 -1.07542
0.262 -0.127229 -1.07674
0.263 -0.125909 -1.07806
0.264 -0.124592 -1.07938
0.265 -0.123277 -1.0807
0.266 -0.121965 -1.08201
0.267 -0.120655 -1.08332
0.268 -0.119348 -1.08463
0.269 -0.118043 -1.08593
0.27 -0.11674 -1.08723
0.271 -0.11544 -1.08853
0.272 -0.114142 -1.08983
0.273 -0.112847 -1.09113
0.274 -0.111554 -1.09242
0.275 -0.110263 -1.09371
0.276 -0.108975 -1.095
0.277 -0.107689 -1.09628
0.278 -0.106406 -1.09757
0.279 -0.105125 -1.09885
0.28 -0.103846 -1.10013
0.281 -0.10257 -1.1014
0.282 -0.101296 -1.10268
0.283 -0.100024 -1.10395
0.284 -0.0987548 -1.10522
0.285 -0.0974877 -1.10649
0.286 -0.0962229 -1.10775
0.287 -0.0949604 -1.10901
0.288 -0.0937002 -1.11027
0.289 -0.0924423 -1.11153
0.29 -0.0911866 -1.11279
0.291 -0.0899332 -1.11404
0.292 -0.0886821 -1.11529
0.293 -0.0874332 -1.11654
0.294 -0.0861865 -1.11779
0.295 -0.0849421 -1.11903
0.296 -0.0836999 -1.12027
0.297 -0.0824599 -1.12151
0.298 -0.0812222 -1.12275
0.299 -0.0799866 -1.12399
0.3 -0.0787532 -1.12522
0.301 -0.077522 -1.12645
0.302 -0.076293 -1.12768
0.303 -0.0750662 -1.12891
0.304 -0.0738416 -1.13013
0.305 -0.072619 -1.13135
0.306 -0.0713987 -1.13257
0.307 -0.0701805 -1.13379
0.308 -0.0689644 -1.13501
0.309 -0.0677505 -1.13622
0.31 -0.0665387 -1.13743
0.311 -0.065329 -1.13864
0.312 -0.0641214 -1.13985
0.313 -0.0629159 -1.14106
0.314 -0.0617126 -1.14226
0.315 -0.0605113 -1.14346
0.316 -0.0593121 -1.14466
0.317 -0.058115 -1.14586
0.318 -0.0569199 -1.14705
0.319 -0.0557269 -1.14825
0.32 -0.054536 -1.14944
0.321 -0.0533471 -1.15063
0.322 -0.0521603 -1.15181
0.323 -0.0509755 -1.153
0.324 -0.0497927 -1.15418
0.325 -0.048612 -1.15536
0.326 -0.0474333 -1.15654
0.327 -0.0462566 -1.15772
0.328 -0.0450819 -1.15889
0.329 -0.0439092 -1.16006
0.33 -0.0427384 -1.16123
0.331 -0.0415697 -1.1624
0.332 -0.040403 -1.16357
0.333 -0.0392382 -1.16473
0.334 -0.0380754 -1.1659
0.335 -0.0369146 -1.16706
0.336 -0.0357557 -1.16822
0.337 -0.0345988 -1.16937
0.338 -0.0334438 -1.17053
0.339 -0.0322908 -1.17168
0.34 -0.0311397 -1.17283
0.341 -0.0299905 -1.17398
0.342 -0.0288432 -1.17513
0.343 -0.0276979 -1.17627
0.344 -0.0265545 -1.17742
0.345 -0.0254129 -1.17856
0.346 -0.0242733 -1.1797
0.347 -0.0231355 -1.18084
0.348 -0.0219997 -1.18197
0.349 -0.0208657 -1.18311
0.35 -0.0197336 -1.18424
0.351 -0.0186034 -1.18537
0.352 -0.017475 -1.1865
0.353 -0.0163485 -1.18762
0.354 -0.0152238 -1.18875
0.355 -0.014101 -1.18987
0.356 -0.01298 -1.19099
0.357 -0.0118609 -1.19211
0.358 -0.0107436 -1.19323
0.359 -0.00962807 -1.19434
0.36 -0.00851441 -1.19546
0.361 -0.0074026 -1.19657
0.362 -0.00629267 -1.19768
0.363 -0.00518478 -1.19879
0.364 -0.00407961 -1.19989
0.365 -0.00298109 -1.20099
0.366 -0.00192185 -1.20205
0.367 -0.00117112 -1.2028
0.368 -0.00171668 -1.20226
0.369 -0.00358031 -1.20039
0.37 -0.00576665 -1.19821
0.371 -0.007999 -1.19597
0.372 -0.0102463 -1.19373
0.373 -0.0125059 -1.19147
0.374 -0.0147778 -1.1892
0.375 -0.0170621 -1.18691
0.376 -0.0193591 -1.18461
0.377 -0.0216689 -1.1823
0.378 -0.0239917 -1.17998
0.379 -0.0263277 -1.17765
0.38 -0.0286771 -1.1753
0.381 -0.03104 -1.17293
0.382 -0.0334166 -1.17056
0.383 -0.0358072 -1.16817
0.384 -0.0382119 -1.16576
0.385 -0.0406309 -1.16334
0.386 -0.0430645 -1.16091
0.387 -0.0455128 -1.15846
0.388 -0.0479761 -1.156
0.389 -0.0504545 -1.15352
0.39 -0.0529483 -1.15102
0.391 -0.0554578 -1.14852
0.392 -0.0579831 -1.14599
0.393 -0.0605245 -1.14345
0.394 -0.0630823 -1.14089
0.395 -0.0656566 -1.13832
0.396 -0.0682479 -1.13572
0.397 -0.0708562 -1.13312
0.398 -0.0734819 -1.13049
0.399 -0.0761253 -1.12785
0.4 -0.0787867 -1.12519
0.401 -0.0814663 -1.12251
0.402 -0.0841645 -1.11981
0.403 -0.0868816 -1.11709
0.404 -0.0896179 -1.11435
0.405 -0.0923736 -1.1116
0.406 -0.0951493 -1.10882
0.407 -0.0979451 -1.10603
0.408 -0.100762 -1.10321
0.409 -0.103599 -1.10037
0.41 -0.106458 -1.09752
0.411 -0.109338 -1.09463
0.412 -0.11224 -1.09173
0.413 -0.115166 -1.08881
0.414 -0.118114 -1.08586
0.415 -0.121085 -1.08289
0.416 -0.12408 -1.07989
0.417 -0.1271 -1.07687
0.418 -0.130144 -1.07383
0.419 -0.133214 -1.07076
0.42 -0.13631 -1.06766
0.421 -0.139432 -1.06454
0.422 -0.142581 -1.06139
0.423 -0.145758 -1.05822
0.424 -0.148962 -1.05501
0.425 -0.152196 -1.05178
0.426 -0.155459 -1.04851
0.427 -0.158752 -1.04522
0.428 -0.162076 -1.0419
0.429 -0.165432 -1.03854
0.43 -0.168819 -1.03515
0.431 -0.17224 -1.03173
0.432 -0.175695 -1.02828
0.433 -0.179185 -1.02479
0.434 -0.18271 -1.02126
0.435 -0.186272 -1.0177
0.436 -0.189872 -1.0141
0.437 -0.19351 -1.01046
0.438 -0.197188 -1.00678
0.439 -0.200907 -1.00307
0.44 -0.204667 -0.999305
0.441 -0.208471 -0.995501
0.442 -0.21232 -0.991653
0.443 -0.216214 -0.987758
0.444 -0.220156 -0.983817
0.445 -0.224147 -0.979826
0.446 -0.228188 -0.975785
0.447 -0.232281 -0.971692
0.448 -0.236428 -0.967545
0.449 -0.240631 -0.963342
0.45 -0.244892 -0.959081
0.451 -0.249213 -0.95476
0.452 -0.253596 -0.950377
0.453 -0.258044 -0.945929
0.454 -0.262558 -0.941414
0.455 -0.267143 -0.936829
0.456 -0.271801 -0.932172
0.457 -0.276535 -0.927438
0.458 -0.281349 -0.922624
0.459 -0.286245 -0.917728
0.46 -0.291229 -0.912744
0.461 -0.296305 -0.907668
0.462 -0.301476 -0.902497
0.463 -0.306749 -0.897224
0.464 -0.312128 -0.891844
0.465 -0.317621 -0.886352
0.466 -0.323233 -0.88074
0.467 -0.328972 -0.875
0.468 -0.334847 -0.869126
0.469 -0.340866 -0.863107
0.47 -0.34704 -0.856933
0.471 -0.35338 -0.850593
0.472 -0.359899 -0.844074
0.473 -0.366613 -0.83736
0.474 -0.373538 -0.830435
0.475 -0.380695 -0.823278
0.476 -0.388106 -0.815867
0.477 -0.3958 -0.808173
0.478 -0.403808 -0.800165
0.479 -0.412171 -0.791802
0.48 -0.420937 -0.783035
0.481 -0.430169 -0.773803
0.482 -0.439946 -0.764027
0.483 -0.450373 -0.7536
0.484 -0.461593 -0.74238
0.485 -0.473814 -0.730158
0.486 -0.487355 -0.716618
0.487 -0.50275 -0.701223
0.488 -0.521042 -0.682931
0.489 -0.54492 -0.659053
0.49 -0.601986 -0.601986
0.491 -0.603218 -0.600754
0.492 -0.601993 -0.60198
0.493 -0.602016 -0.601956
0.494 -0.602059 -0.601913
0.495 -0.602323 -0.60165
0.496 -0.602217 -0.601756
0.497 -0.60207 -0.601903
0.498 -0.60237 -0.601603
0.499 -0.604066 -0.599907
0.5 -0.604552 -0.599421
0.501 -0.603045 -0.600928
0.502 -0.602095 -0.601878
0.503 -0.602138 -0.601835
0.504 -0.60293 -0.601042
0.505 -0.602066 -0.601907
0.506 -0.602317 -0.601656
0.507 -0.603235 -0.600738
0.508 -0.602068 -0.601905
0.509 -0.60197 -0.602003
0.51 -0.602191 -0.601782
0.511 -0.60255 -0.601422
0.512 -0.60289 -0.601083
0.513 -0.603011 -0.600961
0.514 -0.602835 -0.601138
0.515 -0.602501 -0.601472
0.516 -0.602181 -0.601792
0.517 -0.601974 -0.601999
0.518 -0.601964 -0.602009
0.519 -0.602316 -0.601657
0.52 -0.603921 -0.600052
0.521 -0.602362 -0.601611
0.522 -0.60193 -0.602043
0.523 -0.60237 -0.601603
0.524 -0.603071 -0.600901
0.525 -0.601947 -0.602026
0.526 -0.602381 -0.601591
0.527 -0.602615 -0.601358
0.528 -0.601932 -0.60204
0.529 -0.603702 -0.60027
0.53 -0.601966 -0.602007
0.531 -0.602627 -0.601346
0.532 -0.602106 -0.601866
0.533 -0.60235 -0.601623
0.534 -0.602177 -0.601796
0.535 -0.602336 -0.601637
0.536 -0.602111 -0.601861
0.537 -0.602551 -0.601422
0.538 -0.601973 -0.602
0.539 -0.603278 -0.600694
0.54 -0.601893 -0.60208
0.541 -0.603111 -0.600862
0.542 -0.602044 -0.601928
0.543 -0.602147 -0.601826
0.544 -0.602888 -0.601085
0.545 -0.601883 -0.602089
0.546 -0.602657 -0.601316
0.547 -0.602336 -0.601637
0.548 -0.601895 -0.602078
0.549 -0.602973 -0.600999
0.55 -0.602254 -0.601719
0.551 -0.601886 -0.602087
0.552 -0.602757 -0.601216
0.553 -0.602451 -0.601521
0.554 -0.601865 -0.602108
0.555 -0.602275 -0.601698
0.556 -0.603271 -0.600702
0.557 -0.601986 -0.601986
0.558 -0.601914 -0.602059
0.559 -0.602749 -0.601224
0.56 -0.602681 -0.601292
0.561 -0.60191 -0.602063
0.562 -0.601933 -0.602039
0.563 -0.602728 -0.601245
0.564 -0.602837 -0.601135
0.565 -0.601969 -0.602004
0.566 -0.601854 -0.602118
0.567 -0.602267 -0.601706
0.568 -0.603636 -0.600337
0.569 -0.602327 -0.601646
0.57 -0.60187 -0.602103
0.571 -0.601877 -0.602096
0.572 -0.60232 -0.601653
0.573 -0.603592 -0.600381
0.574 -0.602443 -0.60153
0.575 -0.601921 -0.602051
0.576 -0.601816 -0.602157
0.577 -0.602018 -0.601955
0.578 -0.602663 -0.60131
0.579 -0.603419 -0.600554
0.58 -0.602325 -0.601648
0.581 -0.601907 -0.602066
0.582 -0.601797 -0.602176
0.583 -0.601916 -0.602057
0.584 -0.602308 -0.601664
0.585 -0.603231 -0.600742
0.586 -0.602948 -0.601025
0.587 -0.602203 -0.60177
0.588 -0.601882 -0.60209
0.589 -0.601779 -0.602193
0.59 -0.601842 -0.602131
0.591 -0.60208 -0.601893
0.592 -0.602584 -0.601389
0.593 -0.603497 -0.600476
0.594 -0.602815 -0.601158
0.595 -0.602209 -0.601763
0.596 -0.60191 -0.602063
0.597 -0.601776 -0.602197
0.598 -0.601764 -0.602209
0.599 -0.601864 -0.602109
0.6 -0.602091 -0.601882
0.601 -0.602506 -0.601466
0.602 -0.603242 -0.600731
0.603 -0.603208 -0.600765
0.604 -0.6025 -0.601473
0.605 -0.602102 -0.60187
0.606 -0.601877 -0.602096
0.607 -0.601761 -0.602212
0.608 -0.601727 -0.602246
0.609 -0.601766 -0.602206
0.61 -0.601882 -0.602091
0.611 -0.602087 -0.601886
0.612 -0.602419 -0.601553
0.613 -0.602957 -0.601016
0.614 -0.603474 -0.600499
0.615 -0.602903 -0.60107
0.616 -0.602397 -0.601576
0.617 -0.602084 -0.601889
0.618 -0.601885 -0.602088
0.619 -0.601763 -0.60221
0.62 -0.601701 -0.602272
0.621 -0.60169 -0.602282
0.622 -0.601728 -0.602245
0.623 -0.601816 -0.602157
0.624 -0.601962 -0.602011
0.625 -0.602182 -0.60179
0.626 -0.60251 -0.601462
0.627 -0.603002 -0.600971
0.628 -0.603441 -0.600531
0.629 -0.602998 -0.600974
0.63 -0.60251 -0.601463
0.631 -0.602183 -0.60179
0.632 -0.601961 -0.602012
0.633 -0.601809 -0.602164
0.634 -0.60171 -0.602263
0.635 -0.601655 -0.602318
0.636 -0.601639 -0.602334
0.637 -0.601661 -0.602312
0.638 -0.601722 -0.602251
0.639 -0.601827 -0.602146
0.64 -0.601986 -0.601986
0.641 -0.602219 -0.601754
0.642 -0.602561 -0.601412
0.643 -0.603062 -0.600911
0.644 -0.603395 -0.600578
0.645 -0.602902 -0.601071
0.646 -0.602435 -0.601538
0.647 -0.602118 -0.601855
0.648 -0.601899 -0.602074
0.649 -0.601748 -0.602225
0.65 -0.601649 -0.602323
0.651 -0.601595 -0.602377
0.652 -0.601583 -0.60239
0.653 -0.601612 -0.602361
0.654 -0.601687 -0.602286
0.655 -0.601816 -0.602156
0.656 -0.602018 -0.601954
0.657 -0.602328 -0.601645
0.658 -0.602816 -0.601157
0.659 -0.603373 -0.6006
0.66 -0.602906 -0.601067
0.661 -0.602359 -0.601614
0.662 -0.602008 -0.601965
0.663 -0.601777 -0.602195
0.664 -0.60163 -0.602343
0.665 -0.601549 -0.602424
0.666 -0.601526 -0.602447
0.667 -0.601564 -0.602409
0.668 -0.60167 -0.602303
0.669 -0.601865 -0.602107
0.67 -0.602196 -0.601777
0.671 -0.602774 -0.601199
0.672 -0.603336 -0.600637
0.673 -0.602578 -0.601395
0.674 -0.602049 -0.601923
0.675 -0.60174 -0.602233
0.676 -0.601562 -0.602411
0.677 -0.601482 -0.602491
0.678 -0.601492 -0.60248
0.679 -0.601602 -0.602371
0.68 -0.601843 -0.602129
0.681 -0.602308 -0.601665
0.682 -0.603207 -0.600766
0.683 -0.60269 -0.601283
0.684 -0.601996 -0.601977
0.685 -0.60164 -0.602333
0.686 -0.601467 -0.602505
0.687 -0.601434 -0.602539
0.688 -0.601542 -0.602431
0.689 -0.601839 -0.602133
0.69 -0.602504 -0.601468
0.691 -0.603168 -0.600805
0.692 -0.602099 -0.601874
0.693 -0.601618 -0.602355
0.694 -0.601416 -0.602557
0.695 -0.601411 -0.602562
0.696 -0.60162 -0.602353
0.697 -0.602188 -0.601785
0.698 -0.603295 -0.600677
0.699 -0.602043 -0.60193
0.7 -0.601522 -0.60245
0.701 -0.601355 -0.602618
0.702 -0.601454 -0.602519
0.703 -0.601916 -0.602057
0.704 -0.60327 -0.600703
0.705 -0.602013 -0.601959
0.706 -0.601446 -0.602526
0.707 -0.601321 -0.602652
0.708 -0.60156 -0.602413
0.709 -0.602498 -0.601475
0.71 -0.602315 -0.601658
0.711 -0.60147 -0.602502
0.712 -0.601287 -0.602685
0.713 -0.601572 -0.602401
0.714 -0.602901 -0.601071
0.715 -0.601883 -0.60209
0.716 -0.601302 -0.602671
0.717 -0.60135 -0.602623
0.718 -0.602201 -0.601772
0.719 -0.602135 -0.601838
0.72 -0.601301 -0.602672
0.721 -0.601318 -0.602654
0.722 -0.602351 -0.601622
0.723 -0.601834 -0.602139
0.724 -0.60121 -0.602763
0.725 -0.601499 -0.602474
0.726 -0.603033 -0.60094
0.727 -0.601319 -0.602654
0.728 -0.601265 -0.602708
0.729 -0.602852 -0.601121
0.73 -0.60141 -0.602562
0.731 -0.601202 -0.602771
0.732 -0.602778 -0.601195
0.733 -0.601333 -0.602639
0.734 -0.601242 -0.602731
0.735 -0.603081 -0.600892
0.736 -0.601143 -0.602829
0.737 -0.601566 -0.602407
0.738 -0.601651 -0.602322
0.739 -0.601113 -0.60286
0.74 -0.603189 -0.600784
0.741 -0.601061 -0.602911
0.742 -0.602062 -0.601911
0.743 -0.601151 -0.602821
0.744 -0.60158 -0.602393
0.745 -0.601235 -0.602738
0.746 -0.601452 -0.60252
0.747 -0.601206 -0.602766
0.748 -0.60156 -0.602413
0.749 -0.601065 -0.602908
0.75 -0.602145 -0.601828
0.751 -0.600933 -0.60304
0.752 -0.602404 -0.601568
0.753 -0.601056 -0.602917
0.754 -0.601109 -0.602864
0.755 -0.602448 -0.601525
0.756 -0.600916 -0.603057
0.757 -0.601078 -0.602895
0.758 -0.603258 -0.600715
0.759 -0.601104 -0.602869
0.76 -0.600799 -0.603174
0.761 -0.60106 -0.602913
0.762 -0.60207 -0.601903
0.763 -0.602129 -0.601844
0.764 -0.60123 -0.602743
0.765 -0.600914 -0.603059
0.766 -0.600782 -0.603191
0.767 -0.60073 -0.603243
0.768 -0.600728 -0.603245
0.769 -0.600806 -0.603167
0.77 -0.601096 -0.602877
0.771 -0.602311 -0.601662
0.772 -0.601285 -0.602688
0.773 -0.600542 -0.603431
0.774 -0.60083 -0.603143
0.775 -0.601227 -0.602746
0.776 -0.600495 -0.603478
0.777 -0.600954 -0.603019
0.778 -0.601101 -0.602872
0.779 -0.600357 -0.603616
0.78 -0.600245 -0.603728
0.781 -0.600198 -0.603774
0.782 -0.600443 -0.60353
0.783 -0.600907 -0.603066
0.784 -0.600482 -0.603491
0.785 -0.600254 -0.603719
0.786 -0.600715 -0.603257
0.787 -0.600952 -0.60302
0.788 -0.601436 -0.602537
0.789 -0.599137 -0.604836
0.79 -0.595035 -0.608938
0.791 -0.542028 -0.661944
0.792 -0.518497 -0.685476
0.793 -0.500407 -0.703565
0.794 -0.485156 -0.718817
0.795 -0.471726 -0.732247
0.796 -0.459595 -0.744378
0.797 -0.448451 -0.755522
0.798 -0.438091 -0.765882
0.799 -0.428372 -0.775601
0.8 -0.419192 -0.784781
0.801 -0.410472 -0.793501
0.802 -0.402151 -0.801821
0.803 -0.394182 -0.809791
0.804 -0.386525 -0.817448
0.805 -0.379147 -0.824826
0.806 -0.372022 -0.831951
0.807 -0.365125 -0.838847
0.808 -0.358439 -0.845534
0.809 -0.351946 -0.852027
0.81 -0.34563 -0.858343
0.811 -0.33948 -0.864493
0.812 -0.333483 -0.87049
0.813 -0.327629 -0.876343
0.814 -0.32191 -0.882063
0.815 -0.316317 -0.887655
0.816 -0.310843 -0.89313
0.817 -0.305481 -0.898491
0.818 -0.300226 -0.903747
0.819 -0.295071 -0.908902
0.82 -0.290011 -0.913962
0.821 -0.285042 -0.91893
0.822 -0.28016 -0.923812
0.823 -0.275361 -0.928612
0.824 -0.270641 -0.933332
0.825 -0.265997 -0.937976
0.826 -0.261425 -0.942548
0.827 -0.256922 -0.947051
0.828 -0.252487 -0.951486
0.829 -0.248116 -0.955857
0.83 -0.243806 -0.960167
0.831 -0.239557 -0.964416
0.832 -0.235365 -0.968608
0.833 -0.231228 -0.972745
0.834 -0.227145 -0.976828
0.835 -0.223114 -0.980859
0.836 -0.219133 -0.98484
0.837 -0.215201 -0.988772
0.838 -0.211316 -0.992657
0.839 -0.207477 -0.996496
0.84 -0.203682 -1.00029
0.841 -0.19993 -1.00404
0.842 -0.19622 -1.00775
0.843 -0.19255 -1.01142
0.844 -0.18892 -1.01505
0.845 -0.185328 -1.01864
0.846 -0.181774 -1.0222
0.847 -0.178257 -1.02572
0.848 -0.174775 -1.0292
0.849 -0.171327 -1.03265
0.85 -0.167914 -1.03606
0.851 -0.164533 -1.03944
0.852 -0.161184 -1.04279
0.853 -0.157867 -1.04611
0.854 -0.154581 -1.04939
0.855 -0.151325 -1.05265
0.856 -0.148098 -1.05588
0.857 -0.144899 -1.05907
0.858 -0.141729 -1.06224
0.859 -0.138586 -1.06539
0.86 -0.13547 -1.0685
0.861 -0.13238 -1.07159
0.862 -0.129317 -1.07466
0.863 -0.126278 -1.07769
0.864 -0.123264 -1.08071
0.865 -0.120274 -1.0837
0.866 -0.117309 -1.08666
0.867 -0.114366 -1.08961
0.868 -0.111446 -1.09253
0.869 -0.108549 -1.09542
0.87 -0.105674 -1.0983
0.871 -0.102821 -1.10115
0.872 -0.0999885 -1.10398
0.873 -0.0971771 -1.1068
0.874 -0.0943863 -1.10959
0.875 -0.0916155 -1.11236
0.876 -0.0888646 -1.11511
0.877 -0.0861332 -1.11784
0.878 -0.0834209 -1.12055
0.879 -0.0807274 -1.12325
0.88 -0.0780524 -1.12592
0.881 -0.0753956 -1.12858
0.882 -0.0727567 -1.13122
0.883 -0.0701354 -1.13384
0.884 -0.0675315 -1.13644
0.885 -0.0649447 -1.13903
0.886 -0.0623747 -1.1416
0.887 -0.0598212 -1.14415
0.888 -0.0572841 -1.14669
0.889 -0.054763 -1.14921
0.89 -0.0522577 -1.15172
0.891 -0.049768 -1.1542
0.892 -0.0472937 -1.15668
0.893 -0.0448345 -1.15914
0.894 -0.0423903 -1.16158
0.895 -0.0399608 -1.16401
0.896 -0.0375457 -1.16643
0.897 -0.035145 -1.16883
0.898 -0.0327584 -1.17121
0.899 -0.0303857 -1.17359
0.9 -0.0280268 -1.17595
0.901 -0.0256813 -1.17829
0.902 -0.0233493 -1.18062
0.903 -0.0210304 -1.18294
0.904 -0.0187246 -1.18525
0.905 -0.0164316 -1.18754
0.906 -0.0141513 -1.18982
0.907 -0.0118835 -1.19209
0.908 -0.00962804 -1.19434
0.909 -0.00738482 -1.19659
0.91 -0.00515371 -1.19882
0.911 -0.00293522 -1.20104
0.912 -0.000785114 -1.20319
0.913 -0.00161876 -1.20235
0.914 -0.00624199 -1.19773
0.915 -0.0108051 -1.19317
0.916 -0.0154383 -1.18853
0.917 -0.0201627 -1.18381
0.918 -0.025148 -1.17882
0.919 -0.0300836 -1.17389
0.92 -0.0351216 -1.16885
0.921 -0.0402665 -1.16371
0.922 -0.0455231 -1.15845
0.923 -0.0508966 -1.15308
0.924 -0.0563924 -1.14758
0.925 -0.0620164 -1.14196
0.926 -0.067775 -1.1362
0.927 -0.0736748 -1.1303
0.928 -0.0797232 -1.12425
0.929 -0.085928 -1.11804
0.93 -0.0922979 -1.11167
0.931 -0.0988422 -1.10513
0.932 -0.105571 -1.0984
0.933 -0.112495 -1.09148
0.934 -0.119627 -1.08435
0.935 -0.12698 -1.07699
0.936 -0.134568 -1.0694
0.937 -0.142409 -1.06156
0.938 -0.150519 -1.05345
0.939 -0.15892 -1.04505
0.94 -0.167634 -1.03634
0.941 -0.176686 -1.02729
0.942 -0.186106 -1.01787
0.943 -0.195926 -1.00805
0.944 -0.206186 -0.997787
0.945 -0.216929 -0.987044
0.946 -0.228207 -0.975766
0.947 -0.240081 -0.963892
0.948 -0.252626 -0.951347
0.949 -0.265929 -0.938043
0.95 -0.280103 -0.92387
0.951 -0.295285 -0.908687
0.952 -0.311656 -0.892317
0.953 -0.329454 -0.874519
0.954 -0.34901 -0.854962
0.955 -0.370807 -0.833166
0.956 -0.395597 -0.808375
0.957 -0.424694 -0.779278
0.958 -0.460829 -0.743144
0.959 -0.512368 -0.691605
0.96 -0.599893 -0.60408
0.961 -0.600613 -0.60336
0.962 -0.600677 -0.603296
0.963 -0.601193 -0.60278
0.964 -0.601408 -0.602565
0.965 -0.602651 -0.601322
0.966 -0.601343 -0.60263
0.967 -0.602589 -0.601384
0.968 -0.602437 -0.601536
0.969 -0.602545 -0.601428
0.97 -0.602144 -0.601829
0.971 -0.60186 -0.602112
0.972 -0.601885 -0.602088
0.973 -0.602312 -0.601661
0.974 -0.601756 -0.602216
0.975 -0.601873 -0.6021
0.976 -0.602073 -0.6019
0.977 -0.601859 -0.602113
0.978 -0.60174 -0.602233
0.979 -0.601665 -0.602308
0.98 -0.564636 -0.639336
0.981 -0.485798 -0.718174
0.982 -0.44309 -0.760883
0.983 -0.410505 -0.793468
0.984 -0.383427 -0.820545
0.985 -0.359964 -0.844008
0.986 -0.339113 -0.864859
0.987 -0.320265 -0.883708
0.988 -0.303016 -0.900957
0.989 -0.28708 -0.916892
0.99 -0.27225 -0.931723
0.991 -0.258364 -0.945609
0.992 -0.245297 -0.958676
0.993 -0.23295 -0.971023
0.994 -0.221239 -0.982734
0.995 -0.210098 -0.993875
0.996 -0.199468 -1.0045
0.997 -0.189303 -1.01467
0.998 -0.17956 -1.02441
0.999 -0.170203 -1.03377
1 -0.161201 -1.04277
1.001 -0.152526 -1.05145
1.002 -0.144155 -1.05982
1.003 -0.136065 -1.06791
1.004 -0.128238 -1.07573
1.005 -0.120655 -1.08332
1.006 -0.113303 -1.09067
1.007 -0.106165 -1.09781
1.008 -0.0992301 -1.10474
1.009 -0.092486 -1.11149
1.01 -0.0859221 -1.11805
1.011 -0.0795288 -1.12444
1.012 -0.073297 -1.13068
1.013 -0.0672184 -1.13675
1.014 -0.0612855 -1.14269
1.015 -0.0554911 -1.14848
1.016 -0.0498288 -1.15414
1.017 -0.0442924 -1.15968
1.018 -0.0388762 -1.1651
1.019 -0.0335751 -1.1704
1.02 -0.028384 -1.17559
1.021 -0.0232983 -1.18067
1.022 -0.0183137 -1.18566
1.023 -0.0134262 -1.19055
1.024 -0.00863186 -1.19534
1.025 -0.00392974 -1.20004
1.026 -0.00163773 -1.20234
1.027 -0.0109666 -1.19301
1.028 -0.0215151 -1.18246
1.029 -0.0331103 -1.17086
1.03 -0.0459736 -1.158
1.031 -0.0604056 -1.14357
1.032 -0.0768289 -1.12714
1.033 -0.0958643 -1.10811
1.034 -0.118674 -1.0853
1.035 -0.146519 -1.05745
1.036 -0.182599 -1.02137
1.037 -0.233755 -0.970218
1.038 -0.322913 -0.88106
1.039 -0.598861 -0.605112
1.04 -0.311495 -0.892478
1.041 -0.226445 -0.977528
1.042 -0.176236 -1.02774
1.043 -0.140369 -1.0636
1.044 -0.112399 -1.09157
1.045 -0.089439 -1.11453
1.046 -0.070182 -1.13379
1.047 -0.0532068 -1.15077
1.048 -0.0381814 -1.16579
1.049 -0.0246956 -1.17928
1.05 -0.0122959 -1.19168
1.051 -0.00115768 -1.20282
1.052 -0.0223379 -1.18163
1.053 -0.0650585 -1.13891
1.054 -0.24444 -0.959533
1.055 -0.0575089 -1.14646
1.056 -0.0147082 -1.18926
1.057 -0.0370844 -1.16689
1.058 -0.00719233 -1.19678
1.059 0.0330259 -1.237
1.06 0.0528421 -1.25681
1.061 0.0504339 -1.25441
1.062 0.0584913 -1.26246
1.063 0.0739363 -1.27791
1.064 0.0718433 -1.27582
1.065 0.0880613 -1.29203
1.066 0.0778195 -1.28179
1.067 0.0992309 -1.3032
1.068 0.0804159 -1.28439
1.069 0.0926807 -1.29665
1.07 0.0957125 -1.29969
1.071 0.102055 -1.30603
1.072 0.108386 -1.31236
1.073 -0.0260668 -1.17791
1.074 0.0544895 -1.25846
1.075 0.0984084 -1.30238
1.076 0.103755 -1.30773
1.077 0.11323 -1.3172
1.078 0.129425 -1.3334
1.079 0.140098 -1.34407
1.08 0.138305 -1.34228
1.081 0.14289 -1.34686
1.082 0.147577 -1.35155
1.083 0.146574 -1.35055
1.084 0.15719 -1.36116
1.085 0.166416 -1.37039
1.086 0.170185 -1.37416
1.087 0.176287 -1.38026
1.088 0.177123 -1.3811
1.089 0.169219 -1.37319
1.09 0.180989 -1.38496
1.091 0.169735 -1.37371
1.092 0.17841 -1.38238
1.093 0.179692 -1.38367
1.094 0.173609 -1.37758
1.095 0.17637 -1.38034
1.096 -0.00434604 -1.19963
1.097 0.193644 -1.39762
1.098 0.185688 -1.38966
1.099 0.198923 -1.4029
1.1 0.169338 -1.37331
1.101 -0.0856067 -1.11837
1.102 0.139334 -1.34331
1.103 0.176198 -1.38017
1.104 0.194473 -1.39845
1.105 0.199222 -1.4032
1.106 0.190963 -1.39494
1.107 0.202536 -1.40651
1.108 0.195791 -1.39976
1.109 0.199627 -1.4036
1.11 0.197188 -1.40116
1.111 0.18771 -1.39168
1.112 0.207157 -1.41113
1.113 0.211754 -1.41573
1.114 0.215826 -1.4198
1.115 0.218484 -1.42246
1.116 0.213201 -1.41717
1.117 0.224336 -1.42831
1.118 0.239404 -1.44338
1.119 0.237367 -1.44134
1.12 0.23597 -1.43994
1.121 0.237469 -1.44144
1.122 0.234736 -1.43871
1.123 0.225391 -1.42936
1.124 0.232828 -1.4368
1.125 0.223897 -1.42787
1.126 0.224091 -1.42806
1.127 0.229766 -1.43374
1.128 0.245188 -1.44916
1.129 0.238519 -1.44249
1.13 0.237482 -1.44145
1.131 0.242872 -1.44684
1.132 0.251454 -1.45543
1.133 0.247699 -1.45167
1.134 0.253749 -1.45772
1.135 0.236344 -1.44032
1.136 0.239782 -1.44376
1.137 0.24631 -1.45028
1.138 0.249399 -1.45337
1.139 0.229879 -1.43385
1.14 0.245429 -1.4494
1.141 0.232565 -1.43654
1.142 0.257017 -1.46099
1.143 0.254786 -1.45876
1.144 0.239735 -1.44371
1.145 0.247973 -1.45195
1.146 0.259057 -1.46303
1.147 0.253766 -1.45774
1.148 0.248873 -1.45285
1.149 0.264723 -1.4687
1.15 0.281362 -1.48533
1.151 0.26967 -1.47364
1.152 0.264511 -1.46848
1.153 0.292938 -1.49691
1.154 0.277637 -1.48161
1.155 0.305677 -1.50965
1.156 0.298892 -1.50286
1.157 0.299406 -1.50338
1.158 0.29411 -1.49808
1.159 0.309054 -1.51303
1.16 0.267225 -1.4712
1.161 0.285941 -1.48991
1.162 0.299529 -1.5035
1.163 0.316729 -1.5207
1.164 0.292396 -1.49637
1.165 0.311422 -1.51539
1.166 0.290196 -1.49417
1.167 0.302576 -1.50655
1.168 0.303535 -1.50751
1.169 0.290104 -1.49408
1.17 0.299766 -1.50374
1.171 0.32358 -1.52755
1.172 0.301744 -1.50572
1.173 0.105992 -1.30996
1.174 0.28213 -1.4861
1.175 0.300907 -1.50488
1.176 0.3202 -1.52417
1.177 -0.011027 -1.19295
1.178 0.313683 -1.51766
1.179 0.30384 -1.50781
1.18 0.308586 -1.51256
1.181 0.301277 -1.50525
1.182 0.281121 -1.48509
1.183 0.320988 -1.52496
1.184 0.31869 -1.52266
1.185 0.313842 -1.51782
1.186 0.291515 -1.49549
1.187 0.307775 -1.51175
1.188 0.300812 -1.50478
1.189 0.330171 -1.53414
1.19 0.309016 -1.51299
1.191 0.314698 -1.51867
1.192 0.311911 -1.51588
1.193 0.328993 -1.53297
1.194 0.315795 -1.51977
1.195 0.30749 -1.51146
1.196 0.29671 -1.50068
1.197 0.279763 -1.48374
1.198 0.288732 -1.49271
1.199 0.301059 -1.50503
1.2 0.309091 -1.51306
1.201 0.317209 -1.52118
1.202 0.308314 -1.51229
1.203 0.302518 -1.50649
1.204 0.330723 -1.5347
1.205 0.320475 -1.52445
1.206 0.318865 -1.52284
1.207 0.318387 -1.52236
1.208 0.328762 -1.53274
1.209 0.320269 -1.52424
1.21 0.333937 -1.53791
1.211 0.32331 -1.52728
1.212 0.315211 -1.51918
1.213 0.320036 -1.52401
1.214 0.323934 -1.52791
1.215 0.288504 -1.49248
1.216 0.304584 -1.50856
1.217 0.302336 -1.50631
1.218 0.316776 -1.52075
1.219 0.317279 -1.52125
1.22 0.278283 -1.48226
1.221 0.310486 -1.51446
1.222 0.308832 -1.5128
1.223 0.255278 -1.45925
1.224 0.267782 -1.47175
1.225 0.240727 -1.4447
1.226 0.129983 -1.33396
1.227 -0.0671565 -1.13682
1.228 -0.145438 -1.05853
1.229 -0.220614 -0.983359
1.23 -0.303357 -0.900616
1.231 -0.427229 -0.776744
1.232 -0.565833 -0.63814
1.233 -0.419035 -0.784937
1.234 -0.35115 -0.852822
1.235 -0.312051 -0.891922
1.236 -0.280886 -0.923087
1.237 -0.263152 -0.940821
1.238 -0.241943 -0.96203
1.239 -0.225919 -0.978054
1.24 -0.210694 -0.993279
1.241 -0.195689 -1.00828
1.242 -0.180585 -1.02339
1.243 -0.16524 -1.03873
1.244 -0.149641 -1.05433
1.245 -0.133851 -1.07012
1.246 -0.117981 -1.08599
1.247 -0.102157 -1.10182
1.248 -0.0865026 -1.11747
1.249 -0.0711297 -1.13284
1.25 -0.056128 -1.14784
1.251 -0.0415657 -1.16241
1.252 -0.0274901 -1.17648
1.253 -0.01393 -1.19004
1.254 -0.000916099 -1.20306
1.255 -0.0233961 -1.18058
1.256 -0.0715774 -1.1324
1.257 -0.270147 -0.933825
1.258 -0.0821454 -1.12183
1.259 -0.0297785 -1.17419
1.26 -0.000251234 -1.20372
1.261 -0.0345777 -1.1694
1.262 0.0152529 -1.21923
1.263 0.0366776 -1.24065
1.264 0.0523465 -1.25632
1.265 0.000296205 -1.20427
1.266 0.045343 -1.24932
1.267 0.0711151 -1.27509
1.268 0.0634287 -1.2674
1.269 -0.0716394 -1.13233
1.27 0.0838608 -1.28783
1.271 0.106867 -1.31084
1.272 0.147402 -1.35137
1.273 0.124027 -1.328
1.274 0.201682 -1.40566
1.275 0.26032 -1.46429
1.276 0.241433 -1.44541
1.277 0.24648 -1.45045
1.278 0.264939 -1.46891
1.279 0.258358 -1.46233
1.28 0.295343 -1.49932
1.281 0.232239 -1.43621
1.282 0.246943 -1.45092
1.283 0.30085 -1.50482
1.284 0.280118 -1.48409
1.285 0.288638 -1.49261
1.286 0.276557 -1.48053
1.287 0.272316 -1.47629
1.288 0.282983 -1.48696
1.289 0.312936 -1.51691
1.29 0.303199 -1.50717
1.291 0.280157 -1.48413
1.292 0.274807 -1.47878
1.293 0.298155 -1.50213
1.294 0.29053 -1.4945
1.295 0.294283 -1.49826
1.296 0.256192 -1.46016
1.297 0.246809 -1.45078
1.298 0.275901 -1.47987
1.299 0.255304 -1.45928
1.3 -0.236966 -0.967006
1.301 -0.218552 -0.985421
1.302 -0.0890551 -1.11492
1.303 -0.0294276 -1.17455
1.304 -0.0104065 -1.19357
1.305 -0.125637 -1.07834
1.306 -0.0481095 -1.15586
1.307 0.0564797 -1.26045
1.308 0.0798952 -1.28387
1.309 0.224021 -1.42799
1.31 0.269047 -1.47302
1.311 0.270754 -1.47473
1.312 0.257064 -1.46104
1.313 0.308685 -1.51266
1.314 0.299612 -1.50359
1.315 0.300424 -1.5044
1.316 0.329445 -1.53342
1.317 0.332658 -1.53663
1.318 0.327955 -1.53193
1.319 0.305819 -1.50979
1.32 0.288484 -1.49246
1.321 0.305914 -1.50989
1.322 0.358625 -1.5626
1.323 0.308405 -1.51238
1.324 0.323868 -1.52784
1.325 0.344292 -1.54826
1.326 0.346996 -1.55097
1.327 0.336372 -1.54034
1.328 0.332107 -1.53608
1.329 0.326029 -1.53
1.33 0.329994 -1.53397
1.331 0.32846 -1.53243
1.332 0.360602 -1.56457
1.333 0.341273 -1.54525
1.334 0.34855 -1.55252
1.335 0.3733 -1.57727
1.336 0.347095 -1.55107
1.337 0.354529 -1.5585
1.338 0.352909 -1.55688
1.339 0.339576 -1.54355
1.34 0.359228 -1.5632
1.341 0.347761 -1.55173
1.342 0.361211 -1.56518
1.343 0.371845 -1.57582
1.344 0.374482 -1.57845
1.345 0.343652 -1.54763
1.346 0.367331 -1.5713
1.347 0.364771 -1.56874
1.348 0.365995 -1.56997
1.349 0.357976 -1.56195
1.35 0.365195 -1.56917
1.351 0.371727 -1.5757
1.352 0.36008 -1.56405
1.353 0.369586 -1.57356
1.354 0.19429 -1.39826
1.355 0.332958 -1.53693
1.356 0.331768 -1.53574
1.357 0.351424 -1.5554
1.358 0.357627 -1.5616
1.359 0.308959 -1.51293
1.36 0.348373 -1.55235
1.361 0.360131 -1.5641
1.362 0.328875 -1.53285
1.363 0.381302 -1.58528
1.364 0.365889 -1.56986
1.365 0.351292 -1.55527
1.366 0.378719 -1.58269
1.367 0.341193 -1.54517
1.368 0.371284 -1.57526
1.369 0.342369 -1.54634
1.37 0.334829 -1.5388
1.371 0.369471 -1.57344
1.372 0.346489 -1.55046
1.373 0.389467 -1.59344
1.374 0.387494 -1.59147
1.375 0.361068 -1.56504
1.376 0.360138 -1.56411
1.377 0.363236 -1.56721
1.378 0.362127 -1.5661
1.379 0.390286 -1.59426
1.38 0.383745 -1.58772
1.381 0.388808 -1.59278
1.382 0.383907 -1.58788
1.383 0.407783 -1.61176
1.384 0.40719 -1.61116
1.385 0.413064 -1.61704
1.386 0.380977 -1.58495
1.387 0.389668 -1.59364
1.388 0.410428 -1.6144
1.389 0.393296 -1.59727
1.39 0.399555 -1.60353
1.391 0.399364 -1.60334
1.392 0.416563 -1.62054
1.393 0.424185 -1.62816
1.394 0.415444 -1.61942
1.395 0.42529 -1.62926
1.396 0.418122 -1.62209
1.397 0.407453 -1.61143
1.398 0.421206 -1.62518
1.399 0.411824 -1.6158
1.4 0.435061 -1.63903
