0.2 -0.213765 -0.988387
0.21 -0.19898 -1.00314
0.22 -0.184497 -1.01759
0.23 -0.170304 -1.03175
0.24 -0.156392 -1.04564
0.25 -0.142749 -1.05925
0.26 -0.129366 -1.0726
0.27 -0.116234 -1.0857
0.28 -0.103344 -1.09856
0.29 -0.0906885 -1.11119
0.3 -0.078259 -1.12358
0.31 -0.0660483 -1.13576
0.32 -0.0540495 -1.14773
0.33 -0.0422559 -1.15949
0.34 -0.030661 -1.17106
0.35 -0.0192589 -1.18243
0.36 -0.00804373 -1.19361
0.37 -0.00540576 -1.19622
0.38 -0.0284078 -1.17319
0.39 -0.0527119 -1.14885
0.4 -0.0785589 -1.12298
0.41 -0.10622 -1.09528
0.42 -0.136046 -1.06543
0.43 -0.168509 -1.03293
0.44 -0.204288 -0.997124
0.45 -0.244409 -0.956972
0.46 -0.290591 -0.910759
0.47 -0.346151 -0.855168
0.48 -0.41955 -0.781739
0.49 -0.59028 -0.611724
0.5 -0.601207 -0.60002
0.51 -0.601625 -0.59957
0.52 -0.601125 -0.60004
0.53 -0.601906 -0.599228
0.54 -0.601583 -0.59952
0.55 -0.601002 -0.60007
0.56 -0.600962 -0.60008
0.57 -0.600962 -0.600049
0.58 -0.600878 -0.600102
0.59 -0.601047 -0.599902
0.6 -0.601221 -0.599697
0.61 -0.600882 -0.600006
0.62 -0.600607 -0.60025
0.63 -0.601255 -0.599571
0.64 -0.600601 -0.600195
0.65 -0.600695 -0.600069
0.66 -0.601002 -0.599732
0.67 -0.600313 -0.600389
0.68 -0.600219 -0.600453
0.69 -0.600135 -0.600506
0.7 -0.600772 -0.599839
0.71 -0.599994 -0.600586
0.72 -0.600186 -0.600363
0.73 -0.59978 -0.600738
0.74 -0.600454 -0.600033
0.75 -0.600243 -0.600214
0.76 -0.599932 -0.600494
0.77 -0.600229 -0.600166
0.78 -0.60111 -0.599254
0.79 -0.597863 -0.60247
0.8 -0.426775 -0.773527
0.81 -0.350762 -0.849509
0.82 -0.294126 -0.906114
0.83 -0.247344 -0.952866
0.84 -0.206842 -0.993337
0.85 -0.170807 -1.02934
0.86 -0.138163 -1.06195
0.87 -0.108212 -1.09188
0.88 -0.0804658 -1.11959
0.89 -0.0545698 -1.14546
0.9 -0.0302546 -1.16974
0.91 -0.00730884 -1.19266
0.92 -0.0374389 -1.16249
0.93 -0.0950701 -1.10483
0.94 -0.171298 -1.02857
0.95 -0.286159 -0.913682
0.96 -0.597588 -0.602222
0.97 -0.600097 -0.599682
0.98 -0.520538 -0.67921
0.99 -0.265283 -0.934434
1 -0.156976 -1.04271
1.01 -0.0829936 -1.11666
1.02 -0.02624 -1.17339
1.03 -0.0444216 -1.1551
1.04 -0.344071 -0.855493
1.05 -0.0146585 -1.18487
1.06 0.0452223 -1.245
1.07 0.0984018 -1.29816
1.08 0.141314 -1.341
1.09 0.183709 -1.38335
1.1 0.166621 -1.36618
1.11 0.214464 -1.414
1.12 0.232164 -1.43158
1.13 0.251013 -1.45042
1.14 0.238171 -1.43752
1.15 0.272368 -1.47168
1.16 0.302933 -1.50222
1.17 0.309139 -1.5084
1.18 0.295809 -1.49503
1.19 0.320531 -1.51972
1.2 0.303996 -1.50316
1.21 0.311571 -1.51072
1.22 0.295846 -1.49497
1.23 -0.327348 -0.871727
1.24 -0.207934 -0.991015
1.25 -0.0541708 -1.14475
1.26 -0.00515215 -1.19383
1.27 0.089486 -1.28869
1.28 0.254803 -1.45379
1.29 0.288423 -1.48736
1.3 -0.2056 -0.993065
1.31 0.235415 -1.43442
1.32 0.293322 -1.49216
1.33 0.31148 -1.5103
1.34 0.34828 -1.54704
1.35 0.368673 -1.56739
1.36 0.386427 -1.5851
1.37 0.37856 -1.5772
1.38 0.361671 -1.56028
1.39 0.408621 -1.6072
1.4 0.403862 -1.60242
