0 0.673828
1 0.833984
2 0.525391
3 0.947266
4 0.189453
5 0.583008
6 0.922852
7 0.269531
8 0.74707
9 0.717773
10 0.768555
11 0.675781
12 0.832031
13 0.530273
14 0.946289
15 0.192383
16 0.589844
17 0.918945
18 0.282227
19 0.769531
0 0.673828
1 0.833984
2 0.525391
3 0.947266
4 0.189453
5 0.583008
6 0.922852
7 0.269531
8 0.74707
9 0.717773
10 0.768555
11 0.675781
12 0.832031
13 0.530273
14 0.946289
15 0.192383
16 0.589844
17 0.918945
18 0.282227
19 0.769531
0 0.673828
1 0.833984
2 0.525391
3 0.947266
4 0.189453
5 0.583008
6 0.922852
7 0.269531
8 0.74707
9 0.717773
10 0.768555
11 0.675781
12 0.832031
13 0.530273
14 0.946289
15 0.192383
16 0.589844
17 0.918945
18 0.282227
19 0.769531
0 0.673828
1 0.833984
2 0.525391
3 0.947266
4 0.189453
5 0.583008
6 0.922852
7 0.269531
8 0.74707
9 0.717773
10 0.768555
11 0.675781
12 0.832031
13 0.530273
14 0.946289
15 0.192383
16 0.589844
17 0.918945
18 0.282227
19 0.769531
0 0.673828
1 0.833984
2 0.525391
3 0.947266
4 0.189453
5 0.583008
6 0.922852
7 0.269531
8 0.74707
9 0.717773
10 0.768555
11 0.675781
12 0.832031
13 0.530273
14 0.946289
15 0.192383
16 0.589844
17 0.918945
18 0.282227
19 0.769531
0 0.673828
1 0.833984
2 0.525391
3 0.947266
4 0.189453
5 0.583008
6 0.922852
7 0.269531
8 0.74707
9 0.717773
10 0.768555
11 0.675781
12 0.832031
13 0.530273
14 0.946289
15 0.192383
16 0.589844
17 0.918945
18 0.282227
19 0.769531
0 0.673828
1 0.833984
2 0.525391
3 0.947266
4 0.189453
5 0.583008
6 0.922852
7 0.269531
8 0.74707
9 0.717773
10 0.768555
11 0.675781
12 0.832031
13 0.530273
14 0.946289
15 0.192383
16 0.589844
17 0.918945
18 0.282227
19 0.769531
0 0.673828
1 0.833984
2 0.525391
3 0.947266
4 0.189453
5 0.583008
6 0.922852
7 0.269531
8 0.74707
9 0.717773
10 0.768555
11 0.675781
12 0.832031
13 0.530273
14 0.946289
15 0.192383
16 0.589844
17 0.918945
18 0.282227
19 0.769531
0 0.673828
1 0.833984
2 0.525391
3 0.947266
4 0.189453
5 0.583008
6 0.922852
7 0.269531
8 0.74707
9 0.717773
10 0.768555
11 0.675781
12 0.832031
13 0.530273
14 0.946289
15 0.192383
16 0.589844
17 0.918945
18 0.282227
19 0.769531
0 0.673828
1 0.833984
2 0.525391
3 0.947266
4 0.189453
5 0.583008
6 0.922852
7 0.269531
8 0.74707
9 0.717773
10 0.768555
11 0.675781
12 0.832031
13 0.530273
14 0.946289
15 0.192383
16 0.589844
17 0.918945
18 0.282227
19 0.769531
0 0.673828
1 0.833984
2 0.525391
3 0.947266
4 0.189453
5 0.583008
6 0.922852
7 0.269531
8 0.74707
9 0.717773
10 0.768555
11 0.675781
12 0.832031
13 0.530273
14 0.946289
15 0.192383
16 0.589844
17 0.918945
18 0.282227
19 0.769531
0 0.673828
1 0.833984
2 0.525391
3 0.947266
4 0.189453
5 0.583008
6 0.922852
7 0.269531
8 0.74707
9 0.717773
10 0.768555
11 0.675781
12 0.832031
13 0.530273
14 0.946289
15 0.192383
16 0.589844
17 0.918945
18 0.282227
19 0.769531
0 0.673828
1 0.833984
2 0.525391
3 0.947266
4 0.189453
5 0.583008
6 0.922852
7 0.269531
8 0.74707
9 0.717773
10 0.768555
11 0.675781
12 0.832031
13 0.530273
14 0.946289
15 0.192383
16 0.589844
17 0.918945
18 0.282227
19 0.769531
0 0.673828
1 0.833984
2 0.525391
3 0.947266
4 0.189453
5 0.583008
6 0.922852
7 0.269531
8 0.74707
9 0.717773
10 0.768555
11 0.675781
12 0.832031
13 0.530273
14 0.946289
15 0.192383
16 0.589844
17 0.918945
18 0.282227
19 0.769531
0 0.673828
1 0.833984
2 0.525391
3 0.947266
4 0.189453
5 0.583008
6 0.922852
7 0.269531
8 0.74707
9 0.717773
10 0.768555
11 0.675781
12 0.832031
13 0.530273
14 0.946289
15 0.192383
16 0.589844
17 0.918945
18 0.282227
19 0.769531
0 0.673828
1 0.833984
2 0.525391
3 0.947266
4 0.189453
5 0.583008
6 0.922852
7 0.269531
8 0.74707
9 0.717773
10 0.768555
11 0.675781
12 0.832031
13 0.530273
14 0.946289
15 0.192383
16 0.589844
17 0.918945
18 0.282227
19 0.769531
0 0.673828
1 0.833984
2 0.525391
3 0.947266
4 0.189453
5 0.583008
6 0.922852
7 0.269531
8 0.74707
9 0.717773
10 0.768555
11 0.675781
12 0.832031
13 0.530273
14 0.946289
15 0.192383
16 0.589844
17 0.918945
18 0.282227
19 0.769531
0 0.673828
1 0.833984
2 0.525391
3 0.947266
4 0.189453
5 0.583008
6 0.922852
7 0.269531
8 0.74707
9 0.717773
10 0.768555
11 0.675781
12 0.832031
13 0.530273
14 0.946289
15 0.192383
16 0.589844
17 0.918945
18 0.282227
19 0.769531
0 0.673828
1 0.833984
2 0.525391
3 0.947266
4 0.189453
5 0.583008
6 0.922852
7 0.269531
8 0.74707
9 0.717773
10 0.768555
11 0.675781
12 0.832031
13 0.530273
14 0.946289
15 0.192383
16 0.589844
17 0.918945
18 0.282227
19 0.769531
0 0.673828
1 0.833984
2 0.525391
3 0.947266
4 0.189453
5 0.583008
6 0.922852
7 0.269531
8 0.74707
9 0.717773
10 0.768555
11 0.675781
12 0.832031
13 0.530273
14 0.946289
15 0.192383
16 0.589844
17 0.918945
18 0.282227
19 0.769531
0 0.673828
1 0.833984
2 0.525391
3 0.947266
4 0.189453
5 0.583008
6 0.922852
7 0.269531
8 0.74707
9 0.717773
10 0.768555
11 0.675781
12 0.832031
13 0.530273
14 0.946289
15 0.192383
16 0.589844
17 0.918945
18 0.282227
19 0.769531
0 0.673828
1 0.833984
2 0.525391
3 0.947266
4 0.189453
5 0.583008
6 0.922852
7 0.269531
8 0.74707
9 0.717773
10 0.768555
11 0.675781
12 0.832031
13 0.530273
14 0.946289
15 0.192383
16 0.589844
17 0.918945
18 0.282227
19 0.769531
0 0.673828
1 0.833984
2 0.525391
3 0.947266
4 0.189453
5 0.583008
6 0.922852
7 0.269531
8 0.74707
9 0.717773
10 0.768555
11 0.675781
12 0.832031
13 0.530273
14 0.946289
15 0.192383
16 0.589844
17 0.918945
18 0.282227
19 0.769531
0 0.673828
1 0.833984
2 0.525391
3 0.947266
4 0.189453
5 0.583008
6 0.922852
7 0.269531
8 0.74707
9 0.717773
10 0.768555
11 0.675781
12 0.832031
13 0.530273
14 0.946289
15 0.192383
16 0.589844
17 0.918945
18 0.282227
19 0.769531
0 0.673828
1 0.833984
2 0.525391
3 0.947266
4 0.189453
5 0.583008
6 0.922852
7 0.269531
8 0.74707
9 0.717773
10 0.768555
11 0.675781
12 0.832031
13 0.530273
14 0.946289
15 0.192383
16 0.589844
17 0.918945
18 0.282227
19 0.769531
0 0.673828
1 0.833984
2 0.525391
3 0.947266
4 0.189453
5 0.583008
6 0.922852
7 0.269531
8 0.74707
9 0.717773
10 0.768555
11 0.675781
12 0.832031
13 0.530273
14 0.946289
15 0.192383
16 0.589844
17 0.918945
18 0.282227
19 0.769531
0 0.673828
1 0.833984
2 0.525391
3 0.947266
4 0.189453
5 0.583008
6 0.922852
7 0.269531
8 0.74707
9 0.717773
10 0.768555
11 0.675781
12 0.832031
13 0.530273
14 0.946289
15 0.192383
16 0.589844
17 0.918945
18 0.282227
19 0.769531
0 0.673828
1 0.833984
2 0.525391
3 0.947266
4 0.189453
5 0.583008
6 0.922852
7 0.269531
8 0.74707
9 0.717773
10 0.768555
11 0.675781
12 0.832031
13 0.530273
14 0.946289
15 0.192383
16 0.589844
17 0.918945
18 0.282227
19 0.769531
0 0.673828
1 0.833984
2 0.525391
3 0.947266
4 0.189453
5 0.583008
6 0.922852
7 0.269531
8 0.74707
9 0.717773
10 0.768555
11 0.675781
12 0.832031
13 0.530273
14 0.946289
15 0.192383
16 0.589844
17 0.918945
18 0.282227
19 0.769531
0 0.673828
1 0.833984
2 0.525391
3 0.947266
4 0.189453
5 0.583008
6 0.922852
7 0.269531
8 0.74707
9 0.717773
10 0.768555
11 0.675781
12 0.832031
13 0.530273
14 0.946289
15 0.192383
16 0.589844
17 0.918945
18 0.282227
19 0.769531
0 0.673828
1 0.833984
2 0.525391
3 0.947266
4 0.189453
5 0.583008
6 0.922852
7 0.269531
8 0.74707
9 0.717773
10 0.768555
11 0.675781
12 0.832031
13 0.530273
14 0.946289
15 0.192383
16 0.589844
17 0.918945
18 0.282227
19 0.769531
0 0.673828
1 0.833984
2 0.525391
3 0.947266
4 0.189453
5 0.583008
6 0.922852
7 0.269531
8 0.74707
9 0.717773
10 0.768555
11 0.675781
12 0.832031
13 0.530273
14 0.946289
15 0.192383
16 0.589844
17 0.918945
18 0.282227
19 0.769531
0 0.673828
1 0.833984
2 0.525391
3 0.947266
4 0.189453
5 0.583008
6 0.922852
7 0.269531
8 0.74707
9 0.717773
10 0.768555
11 0.675781
12 0.832031
13 0.530273
14 0.946289
15 0.192383
16 0.589844
17 0.918945
18 0.282227
19 0.769531
0 0.673828
1 0.833984
2 0.525391
3 0.947266
4 0.189453
5 0.583008
6 0.922852
7 0.269531
8 0.74707
9 0.717773
10 0.768555
11 0.675781
12 0.832031
13 0.530273
14 0.946289
15 0.192383
16 0.589844
17 0.918945
18 0.282227
19 0.769531
0 0.673828
1 0.833984
2 0.525391
3 0.947266
4 0.189453
5 0.583008
6 0.922852
7 0.269531
8 0.74707
9 0.717773
10 0.768555
11 0.675781
12 0.832031
13 0.530273
14 0.946289
15 0.192383
16 0.589844
17 0.918945
18 0.282227
19 0.769531
0 0.673828
1 0.833984
2 0.525391
3 0.947266
4 0.189453
5 0.583008
6 0.922852
7 0.269531
8 0.74707
9 0.717773
10 0.768555
11 0.675781
12 0.832031
13 0.530273
14 0.946289
15 0.192383
16 0.589844
17 0.918945
18 0.282227
19 0.769531
0 0.673828
1 0.833984
2 0.525391
3 0.947266
4 0.189453
5 0.583008
6 0.922852
7 0.269531
8 0.74707
9 0.717773
10 0.768555
11 0.675781
12 0.832031
13 0.530273
14 0.946289
15 0.192383
16 0.589844
17 0.918945
18 0.282227
19 0.769531
0 0.673828
1 0.833984
2 0.525391
3 0.947266
4 0.189453
5 0.583008
6 0.922852
7 0.269531
8 0.74707
9 0.717773
10 0.768555
11 0.675781
12 0.832031
13 0.530273
14 0.946289
15 0.192383
16 0.589844
17 0.918945
18 0.282227
19 0.769531
0 0.673828
1 0.833984
2 0.525391
3 0.947266
4 0.189453
5 0.583008
6 0.922852
7 0.269531
8 0.74707
9 0.717773
10 0.768555
11 0.675781
12 0.832031
13 0.530273
14 0.946289
15 0.192383
16 0.589844
17 0.918945
18 0.282227
19 0.769531
0 0.673828
1 0.833984
2 0.525391
3 0.947266
4 0.189453
5 0.583008
6 0.922852
7 0.269531
8 0.74707
9 0.717773
10 0.768555
11 0.675781
12 0.832031
13 0.530273
14 0.946289
15 0.192383
16 0.589844
17 0.918945
18 0.282227
19 0.769531
0 0.673828
1 0.833984
2 0.525391
3 0.947266
4 0.189453
5 0.583008
6 0.922852
7 0.269531
8 0.74707
9 0.717773
10 0.768555
11 0.675781
12 0.832031
13 0.530273
14 0.946289
15 0.192383
16 0.589844
17 0.918945
18 0.282227
19 0.769531
0 0.673828
1 0.833984
2 0.525391
3 0.947266
4 0.189453
5 0.583008
6 0.922852
7 0.269531
8 0.74707
9 0.717773
10 0.768555
11 0.675781
12 0.832031
13 0.530273
14 0.946289
15 0.192383
16 0.589844
17 0.918945
18 0.282227
19 0.769531
0 0.673828
1 0.833984
2 0.525391
3 0.947266
4 0.189453
5 0.583008
6 0.922852
7 0.269531
8 0.74707
9 0.717773
10 0.768555
11 0.675781
12 0.832031
13 0.530273
14 0.946289
15 0.192383
16 0.589844
17 0.918945
18 0.282227
19 0.769531
0 0.673828
1 0.833984
2 0.525391
3 0.947266
4 0.189453
5 0.583008
6 0.922852
7 0.269531
8 0.74707
9 0.717773
10 0.768555
11 0.675781
12 0.832031
13 0.530273
14 0.946289
15 0.192383
16 0.589844
17 0.918945
18 0.282227
19 0.769531
0 0.673828
1 0.833984
2 0.525391
3 0.947266
4 0.189453
5 0.583008
6 0.922852
7 0.269531
8 0.74707
9 0.717773
10 0.768555
11 0.675781
12 0.832031
13 0.530273
14 0.946289
15 0.192383
16 0.589844
17 0.918945
18 0.282227
19 0.769531
0 0.673828
1 0.833984
2 0.525391
3 0.947266
4 0.189453
5 0.583008
6 0.922852
7 0.269531
8 0.74707
9 0.717773
10 0.768555
11 0.675781
12 0.832031
13 0.530273
14 0.946289
15 0.192383
16 0.589844
17 0.918945
18 0.282227
19 0.769531
0 0.673828
1 0.833984
2 0.525391
3 0.947266
4 0.189453
5 0.583008
6 0.922852
7 0.269531
8 0.74707
9 0.717773
10 0.768555
11 0.675781
12 0.832031
13 0.530273
14 0.946289
15 0.192383
16 0.589844
17 0.918945
18 0.282227
19 0.769531
0 0.673828
1 0.833984
2 0.525391
3 0.947266
4 0.189453
5 0.583008
6 0.922852
7 0.269531
8 0.74707
9 0.717773
10 0.768555
11 0.675781
12 0.832031
13 0.530273
14 0.946289
15 0.192383
16 0.589844
17 0.918945
18 0.282227
19 0.769531
0 0.673828
1 0.833984
2 0.525391
3 0.947266
4 0.189453
5 0.583008
6 0.922852
7 0.269531
8 0.74707
9 0.717773
10 0.768555
11 0.675781
12 0.832031
13 0.530273
14 0.946289
15 0.192383
16 0.589844
17 0.918945
18 0.282227
19 0.769531
0 0.673828
1 0.833984
2 0.525391
3 0.947266
4 0.189453
5 0.583008
6 0.922852
7 0.269531
8 0.74707
9 0.717773
10 0.768555
11 0.675781
12 0.832031
13 0.530273
14 0.946289
15 0.192383
16 0.589844
17 0.918945
18 0.282227
19 0.769531
